 ( 4i3 )
  1  8  3  2 npan, lm, ntype, spins
 ( 2i3 )
  3  1    ntls, nsets
 ( 3e22.14 )
 -0.78631127014722E+00 -0.78631127014364E+00 -0.78631127014006E+00
 ( 3e22.14 )
  0.15296870092064E+00  0.18420762726365E+00  0.58896722840136E+00
  0.26125305594700E+00  0.13659396195705E+00  0.17808240090097E+00
  0.14297430486958E+00  0.25378360192016E+00  0.16385687264323E+00
  0.11057373351960E+00  0.13760068950842E+00  0.43451624493843E+00
  0.24110419811033E+00  0.16716532647267E+00  0.15992937667368E+00
  0.18468910910488E+00  0.23367922413107E+00  0.18748994490195E+00
  0.11057373352397E+00  0.13760068950176E+00  0.43451624499005E+00
  0.24110419810253E+00  0.16716532647103E+00  0.15992937665942E+00
  0.18468910907463E+00  0.23367922411322E+00  0.18748994468829E+00
  0.15296870091802E+00  0.18420762726879E+00  0.58896722842287E+00
  0.26125305596718E+00  0.13659396199412E+00  0.17808240087961E+00
  0.14297430490453E+00  0.25378360189931E+00  0.16385687270624E+00
 -0.64108422120297E+00  0.30602480215830E+00  0.61522567571197E+00
  0.54377142017447E+00  0.58337339589356E+00  0.48668654636230E+00
  0.52209091489550E+00  0.47787240414994E+00  0.51766198954819E+00
 -0.64108422120850E+00  0.30602480218122E+00  0.61522567567058E+00
  0.54377142016744E+00  0.58337339586565E+00  0.48668654635979E+00
  0.52209091483579E+00  0.47787240414034E+00  0.51766198945973E+00
