 energy and charge average matrices
  type  L (e_i|H|e_j)        (e_i|e_j) 
     0  0  .015759519        .103026557
     0  1  .019219787        .104345322
     0  2  1.78065339        3.02337298
     0  3  .002642755        .010115521
     0  4  .000248233        .001817225
     0  5  .000077767        .000436677
     0  6  .000014997        .000104889
     0  7  .000006643        .000026177
     0  8  .000000923        .000005633
     1  0  .011345259        .102606269
     1  1  .014085034        .102367998
     1  2  2.06968287        4.76310057
     1  3  .002419535        .010034925
     1  4  .000316831        .001895266
     1  5  .000069229        .000432851
     1  6  .000020116        .000108916
     1  7  .000005997        .000025662
     1  8  .000001079        .000005759
     2  0 -.529919872        .826605595
     2  1  .590904667        1.93085902
     2  2  .006014320        .009776242
     2  3  .001102173        .002026851
     2  4  .000309382        .000530336
     2  5  .000062444        .000128303
     2  6  .000015909        .000030472
     2  7  .000003333        .000006974
     2  8  .000000867        .000001676
