#      order       spins
           4           2
#              Pi1               Pi2               Pi3                       p
# element 0
  1.00000000000000  .000000000000000  .000000000000000        .000000000000000
  .000000000000000  1.00000000000000  .000000000000000        .000000000000000
  .000000000000000  .000000000000000  1.00000000000000        .000000000000000
# element 1
  .000000000000000 -1.00000000000000  .000000000000000        .000000000000000
 -1.00000000000000  .000000000000000  .000000000000000        .000000000000000
  .000000000000000  .000000000000000 -1.00000000000000        .000000000000000
# element 2
 -1.00000000000000  .000000000000000  .000000000000000        .000000000000000
  .000000000000000 -1.00000000000000  .000000000000000        .000000000000000
  .000000000000000  .000000000000000 -1.00000000000000        .000000000000000
# element 3
  .000000000000000  1.00000000000000  .000000000000000        .000000000000000
  1.00000000000000  .000000000000000  .000000000000000        .000000000000000
  .000000000000000  .000000000000000  1.00000000000000        .000000000000000
#      types
           3
# type 0
           1 # site(s)
  .000000000000000  .000000000000000  .000000000000000       #     tau 0
 -.785398163397448  1.57079632679489  .785398163397448     1 #     alpha, beta, gamma, inversion
          25 # harmonics
#    L     n     m                ar                ai
     0     1     0  1.00000000000000  .000000000000000 # harmonic 0
     2     2    -2  .000000000000000 -.707106781186547 # harmonic 1
                 2  .000000000000000  .707106781186547
     2     1     0 -1.00000000000000  .000000000000000 # harmonic 2
     2     2    -2 -.707106781186547  .000000000000000 # harmonic 3
                 2 -.707106781186547  .000000000000000
     4     2    -4  .000000000000000  .707106781186547 # harmonic 4
                 4  .000000000000000 -.707106781186547
     4     2    -2  .000000000000000  .707106781186547 # harmonic 5
                 2  .000000000000000 -.707106781186547
     4     1     0  1.00000000000000  .000000000000000 # harmonic 6
     4     2    -2  .707106781186547  .000000000000000 # harmonic 7
                 2  .707106781186547  .000000000000000
     4     2    -4  .707106781186547  .000000000000000 # harmonic 8
                 4  .707106781186547  .000000000000000
     6     2    -6  .000000000000000 -.707106781186547 # harmonic 9
                 6  .000000000000000  .707106781186547
     6     2    -4  .000000000000000 -.707106781186547 # harmonic 10
                 4  .000000000000000  .707106781186547
     6     2    -2  .000000000000000 -.707106781186547 # harmonic 11
                 2  .000000000000000  .707106781186547
     6     1     0 -1.00000000000000  .000000000000000 # harmonic 12
     6     2    -2 -.707106781186547  .000000000000000 # harmonic 13
                 2 -.707106781186547  .000000000000000
     6     2    -4 -.707106781186547  .000000000000000 # harmonic 14
                 4 -.707106781186547  .000000000000000
     6     2    -6 -.707106781186547  .000000000000000 # harmonic 15
                 6 -.707106781186547  .000000000000000
     8     2    -8  .000000000000000  .707106781186547 # harmonic 16
                 8  .000000000000000 -.707106781186547
     8     2    -6  .000000000000000  .707106781186547 # harmonic 17
                 6  .000000000000000 -.707106781186547
     8     2    -4  .000000000000000  .707106781186547 # harmonic 18
                 4  .000000000000000 -.707106781186547
     8     2    -2  .000000000000000  .707106781186547 # harmonic 19
                 2  .000000000000000 -.707106781186547
     8     1     0  1.00000000000000  .000000000000000 # harmonic 20
     8     2    -2  .707106781186547  .000000000000000 # harmonic 21
                 2  .707106781186547  .000000000000000
     8     2    -4  .707106781186547  .000000000000000 # harmonic 22
                 4  .707106781186547  .000000000000000
     8     2    -6  .707106781186547  .000000000000000 # harmonic 23
                 6  .707106781186547  .000000000000000
     8     2    -8  .707106781186547  .000000000000000 # harmonic 24
                 8  .707106781186547  .000000000000000
# type 1
           1 # site(s)
  .000000000000000  .000000000000000  .500000000000000       #     tau 0
 -.785398163397448  1.57079632679489  .785398163397448     1 #     alpha, beta, gamma, inversion
          25 # harmonics
#    L     n     m                ar                ai
     0     1     0  1.00000000000000  .000000000000000 # harmonic 0
     2     2    -2  .000000000000000 -.707106781186547 # harmonic 1
                 2  .000000000000000  .707106781186547
     2     1     0 -1.00000000000000  .000000000000000 # harmonic 2
     2     2    -2 -.707106781186547  .000000000000000 # harmonic 3
                 2 -.707106781186547  .000000000000000
     4     2    -4  .000000000000000  .707106781186547 # harmonic 4
                 4  .000000000000000 -.707106781186547
     4     2    -2  .000000000000000  .707106781186547 # harmonic 5
                 2  .000000000000000 -.707106781186547
     4     1     0  1.00000000000000  .000000000000000 # harmonic 6
     4     2    -2  .707106781186547  .000000000000000 # harmonic 7
                 2  .707106781186547  .000000000000000
     4     2    -4  .707106781186547  .000000000000000 # harmonic 8
                 4  .707106781186547  .000000000000000
     6     2    -6  .000000000000000 -.707106781186547 # harmonic 9
                 6  .000000000000000  .707106781186547
     6     2    -4  .000000000000000 -.707106781186547 # harmonic 10
                 4  .000000000000000  .707106781186547
     6     2    -2  .000000000000000 -.707106781186547 # harmonic 11
                 2  .000000000000000  .707106781186547
     6     1     0 -1.00000000000000  .000000000000000 # harmonic 12
     6     2    -2 -.707106781186547  .000000000000000 # harmonic 13
                 2 -.707106781186547  .000000000000000
     6     2    -4 -.707106781186547  .000000000000000 # harmonic 14
                 4 -.707106781186547  .000000000000000
     6     2    -6 -.707106781186547  .000000000000000 # harmonic 15
                 6 -.707106781186547  .000000000000000
     8     2    -8  .000000000000000  .707106781186547 # harmonic 16
                 8  .000000000000000 -.707106781186547
     8     2    -6  .000000000000000  .707106781186547 # harmonic 17
                 6  .000000000000000 -.707106781186547
     8     2    -4  .000000000000000  .707106781186547 # harmonic 18
                 4  .000000000000000 -.707106781186547
     8     2    -2  .000000000000000  .707106781186547 # harmonic 19
                 2  .000000000000000 -.707106781186547
     8     1     0  1.00000000000000  .000000000000000 # harmonic 20
     8     2    -2  .707106781186547  .000000000000000 # harmonic 21
                 2  .707106781186547  .000000000000000
     8     2    -4  .707106781186547  .000000000000000 # harmonic 22
                 4  .707106781186547  .000000000000000
     8     2    -6  .707106781186547  .000000000000000 # harmonic 23
                 6  .707106781186547  .000000000000000
     8     2    -8  .707106781186547  .000000000000000 # harmonic 24
                 8  .707106781186547  .000000000000000
# type 2
           2 # site(s)
  .500000000000000  .500000000000000  .250000000000000       #     tau 0
 -.785398163397448  1.57079632679489  .785398163397448     1 #     alpha, beta, gamma, inversion
  .500000000000000  .500000000000000 -.250000000000000       #     tau 1
 -.785398163397448  1.57079632679489 -2.35619449019234     1 #     alpha, beta, gamma, inversion
          45 # harmonics
#    L     n     m                ar                ai
     0     1     0  1.00000000000000  .000000000000000 # harmonic 0
     1     2    -1 -.707106781186547  .000000000000000 # harmonic 1
                 1 -.707106781186547  .000000000000000
     1     2    -1  .000000000000000  .707106781186547 # harmonic 2
                 1  .000000000000000 -.707106781186547
     2     2    -2  .000000000000000 -.707106781186547 # harmonic 3
                 2  .000000000000000  .707106781186547
     2     1     0 -1.00000000000000  .000000000000000 # harmonic 4
     2     2    -2 -.707106781186547  .000000000000000 # harmonic 5
                 2 -.707106781186547  .000000000000000
     3     2    -3  .707106781186547  .000000000000000 # harmonic 6
                 3  .707106781186547  .000000000000000
     3     2    -1  .707106781186547  .000000000000000 # harmonic 7
                 1  .707106781186547  .000000000000000
     3     2    -1  .000000000000000 -.707106781186547 # harmonic 8
                 1  .000000000000000  .707106781186547
     3     2    -3  .000000000000000 -.707106781186547 # harmonic 9
                 3  .000000000000000  .707106781186547
     4     2    -4  .000000000000000  .707106781186547 # harmonic 10
                 4  .000000000000000 -.707106781186547
     4     2    -2  .000000000000000  .707106781186547 # harmonic 11
                 2  .000000000000000 -.707106781186547
     4     1     0  1.00000000000000  .000000000000000 # harmonic 12
     4     2    -2  .707106781186547  .000000000000000 # harmonic 13
                 2  .707106781186547  .000000000000000
     4     2    -4  .707106781186547  .000000000000000 # harmonic 14
                 4  .707106781186547  .000000000000000
     5     2    -5 -.707106781186547  .000000000000000 # harmonic 15
                 5 -.707106781186547  .000000000000000
     5     2    -3 -.707106781186547  .000000000000000 # harmonic 16
                 3 -.707106781186547  .000000000000000
     5     2    -1 -.707106781186547  .000000000000000 # harmonic 17
                 1 -.707106781186547  .000000000000000
     5     2    -1  .000000000000000  .707106781186547 # harmonic 18
                 1  .000000000000000 -.707106781186547
     5     2    -3  .000000000000000  .707106781186547 # harmonic 19
                 3  .000000000000000 -.707106781186547
     5     2    -5  .000000000000000  .707106781186547 # harmonic 20
                 5  .000000000000000 -.707106781186547
     6     2    -6  .000000000000000 -.707106781186547 # harmonic 21
                 6  .000000000000000  .707106781186547
     6     2    -4  .000000000000000 -.707106781186547 # harmonic 22
                 4  .000000000000000  .707106781186547
     6     2    -2  .000000000000000 -.707106781186547 # harmonic 23
                 2  .000000000000000  .707106781186547
     6     1     0 -1.00000000000000  .000000000000000 # harmonic 24
     6     2    -2 -.707106781186547  .000000000000000 # harmonic 25
                 2 -.707106781186547  .000000000000000
     6     2    -4 -.707106781186547  .000000000000000 # harmonic 26
                 4 -.707106781186547  .000000000000000
     6     2    -6 -.707106781186547  .000000000000000 # harmonic 27
                 6 -.707106781186547  .000000000000000
     7     2    -7  .707106781186547  .000000000000000 # harmonic 28
                 7  .707106781186547  .000000000000000
     7     2    -5  .707106781186547  .000000000000000 # harmonic 29
                 5  .707106781186547  .000000000000000
     7     2    -3  .707106781186547  .000000000000000 # harmonic 30
                 3  .707106781186547  .000000000000000
     7     2    -1  .707106781186547  .000000000000000 # harmonic 31
                 1  .707106781186547  .000000000000000
     7     2    -1  .000000000000000 -.707106781186547 # harmonic 32
                 1  .000000000000000  .707106781186547
     7     2    -3  .000000000000000 -.707106781186547 # harmonic 33
                 3  .000000000000000  .707106781186547
     7     2    -5  .000000000000000 -.707106781186547 # harmonic 34
                 5  .000000000000000  .707106781186547
     7     2    -7  .000000000000000 -.707106781186547 # harmonic 35
                 7  .000000000000000  .707106781186547
     8     2    -8  .000000000000000  .707106781186547 # harmonic 36
                 8  .000000000000000 -.707106781186547
     8     2    -6  .000000000000000  .707106781186547 # harmonic 37
                 6  .000000000000000 -.707106781186547
     8     2    -4  .000000000000000  .707106781186547 # harmonic 38
                 4  .000000000000000 -.707106781186547
     8     2    -2  .000000000000000  .707106781186547 # harmonic 39
                 2  .000000000000000 -.707106781186547
     8     1     0  1.00000000000000  .000000000000000 # harmonic 40
     8     2    -2  .707106781186547  .000000000000000 # harmonic 41
                 2  .707106781186547  .000000000000000
     8     2    -4  .707106781186547  .000000000000000 # harmonic 42
                 4  .707106781186547  .000000000000000
     8     2    -6  .707106781186547  .000000000000000 # harmonic 43
                 6  .707106781186547  .000000000000000
     8     2    -8  .707106781186547  .000000000000000 # harmonic 44
                 8  .707106781186547  .000000000000000
