# ACE/gr parameter file
#
@    version 50122
@    world xmin 0.25
@    world xmax 0.75
@    title font 5
@    xaxis  tick major 0.1
@    xaxis  tick minor 0.02
@    xaxis  label "(r-r\s1\N)/d"
@    xaxis  label font 5
@    xaxis  label char size 1.2
@    xaxis  ticklabel font 4
@    xaxis  ticklabel char size 1
@    yaxis  tick major .1
@    yaxis  tick minor .02
@    yaxis  label font 4
@    yaxis  label char size 1.2
@    yaxis  ticklabel font 5
@    yaxis  ticklabel char size 1
@    title "potential between neighbors"
@    yaxis  label "V(r) (Ry)"
@    world ymin -10.
@    world ymax   .0
@    yaxis  tick major 2
@    yaxis  tick minor 1
@ s0 color  1
@ s0 linestyle  1
@ legend string 0 "(1)-(1)"
@target s0
@type xy
  .1000000000 -110.8820707
  .1050000000 -105.6074626
  .1100000000 -100.8110631
  .1150000000 -96.42861947
  .1200000000 -92.40947798
  .1250000000 -88.71977606
  .1300000000 -85.30532096
  .1350000000 -82.14979318
  .1400000000 -79.21333218
  .1450000000 -76.48646277
  .1500000000 -73.93466076
  .1550000000 -71.55080716
  .1600000000 -69.31774017
  .1650000000 -67.21725570
  .1700000000 -65.23870249
  .1750000000 -63.37347384
  .1800000000 -61.61559047
  .1850000000 -59.95184795
  .1900000000 -58.37514102
  .1950000000 -56.87898549
  .2000000000 -55.45745541
  .2050000000 -54.10512787
  .2100000000 -52.81703412
  .2150000000 -51.58861631
  .2200000000 -50.41568898
  .2250000000 -49.29440484
  .2300000000 -48.22248282
  .2350000000 -47.19821007
  .2400000000 -46.21609109
  .2450000000 -45.27330300
  .2500000000 -44.36724140
  .2550000000 -43.49550192
  .2600000000 -42.65951290
  .2650000000 -41.85597914
  .2700000000 -41.08064831
  .2750000000 -40.33173560
  .2800000000 -39.61184771
  .2850000000 -38.91782223
  .2900000000 -38.24556023
  .2950000000 -37.59574026
  .3000000000 -36.97052233
  .3050000000 -36.36324343
  .3100000000 -35.77510101
  .3150000000 -35.20830434
  .3200000000 -34.65629664
  .3250000000 -34.12269468
  .3300000000 -33.60565631
  .3350000000 -33.10080626
  .3400000000 -32.61563979
  .3450000000 -32.14110912
  .3500000000 -31.68147549
  .3550000000 -31.23463489
  .3600000000 -30.79883756
  .3650000000 -30.37730711
  .3700000000 -29.96379692
  .3750000000 -29.56541897
  .3800000000 -29.17354224
  .3850000000 -28.79559329
  .3900000000 -28.42396483
  .3950000000 -28.06474743
  .4000000000 -27.71168122
  .4050000000 -27.37006238
  .4100000000 -27.03402114
  .4150000000 -26.70895573
  .4200000000 -26.38853604
  .4250000000 -26.07905804
  .4300000000 -25.77319975
  .4350000000 -25.47819221
  .4400000000 -25.18677609
  .4450000000 -24.90435533
  .4500000000 -24.62657208
  .4550000000 -24.35570281
  .4600000000 -24.09080007
  .4650000000 -23.83053413
  .4700000000 -23.57781159
  .4750000000 -23.32776342
  .4800000000 -.0045971756
  .4850000000 -.0044046488
  .4900000000 -.0042667785
  .4950000000 -.0041839185
  .5000000000 -.0041562759
  .5050000000 -.0041839185
  .5100000000 -.0042667785
  .5150000000 -.0044046488
  .5200000000 -.0045971756
  .5250000000 -23.32776342
  .5300000000 -23.57781159
  .5350000000 -23.83053413
  .5400000000 -24.09080007
  .5450000000 -24.35570281
  .5500000000 -24.62657208
  .5550000000 -24.90435533
  .5600000000 -25.18677609
  .5650000000 -25.47819221
  .5700000000 -25.77319975
  .5750000000 -26.07905804
  .5800000000 -26.38853604
  .5850000000 -26.70895573
  .5900000000 -27.03402114
  .5950000000 -27.37006238
  .6000000000 -27.71168122
  .6050000000 -28.06474743
  .6100000000 -28.42396483
  .6150000000 -28.79559329
  .6200000000 -29.17354224
  .6250000000 -29.56541897
  .6300000000 -29.96379692
  .6350000000 -30.37730711
  .6400000000 -30.79883756
  .6450000000 -31.23463489
  .6500000000 -31.68147549
  .6550000000 -32.14110912
  .6600000000 -32.61563979
  .6650000000 -33.10080626
  .6700000000 -33.60565631
  .6750000000 -34.12269468
  .6800000000 -34.65629664
  .6850000000 -35.20830434
  .6900000000 -35.77510101
  .6950000000 -36.36324343
  .7000000000 -36.97052233
  .7050000000 -37.59574026
  .7100000000 -38.24556023
  .7150000000 -38.91782223
  .7200000000 -39.61184771
  .7250000000 -40.33173560
  .7300000000 -41.08064831
  .7350000000 -41.85597914
  .7400000000 -42.65951290
  .7450000000 -43.49550192
  .7500000000 -44.36724140
  .7550000000 -45.27330300
  .7600000000 -46.21609109
  .7650000000 -47.19821007
  .7700000000 -48.22248282
  .7750000000 -49.29440484
  .7800000000 -50.41568898
  .7850000000 -51.58861631
  .7900000000 -52.81703412
  .7950000000 -54.10512787
  .8000000000 -55.45745541
  .8050000000 -56.87898549
  .8100000000 -58.37514102
  .8150000000 -59.95184795
  .8200000000 -61.61559047
  .8250000000 -63.37347384
  .8300000000 -65.23870249
  .8350000000 -67.21725570
  .8400000000 -69.31774017
  .8450000000 -71.55080716
  .8500000000 -73.93466076
  .8550000000 -76.48646277
  .8600000000 -79.21333218
  .8650000000 -82.14979318
  .8700000000 -85.30532096
  .8750000000 -88.71977606
  .8800000000 -92.40947798
  .8850000000 -96.42861947
  .8900000000 -100.8110631
  .8950000000 -105.6074626
&
@ s1 color  1
@ s1 linestyle  1
@target s1
@type xy
  .4753856227 -10.000
  .4753856227  10.000
  .5246143772  10.000
  .5246143772 -10.000
&
