#     Radial coefficients Phi_{h} of D_{h} in the harmonic 
#     expansion of the Coulomb potential divided by r^{\ell}
#     Phi(1) is from \int_{0}^{r} {r\Pr^{\ell} \over r^{\ell+1}} ...
#     Phi(2) is from \int_{r}^{S} {r^{\ell} \over r\Pr^{\ell+1}} ...
#     Phi(out) is from V_{ext}(S)
# type = 0
# h = 0 (l = 0)
@ type xy
 0  235.836668839775  .000001473755792  233.447729756210  2.38893760980903
 1  235.836668804683  .000001548273411  233.447729646600  2.38893760980903
 2  235.836668762223  .000001626531054  233.447729525883  2.38893760980903
 3  235.836668723063  .000001708717103  233.447729404537  2.38893760980903
 4  235.836668677099  .000001795029410  233.447729272261  2.38893760980903
 5  235.836668633178  .000001885675775  233.447729137693  2.38893760980903
 6  235.836668582729  .000001980874444  233.447728992045  2.38893760980903
 7  235.836668534278  .000002080854640  233.447728843614  2.38893760980903
 8  235.836668478453  .000002185857108  233.447728682787  2.38893760980903
 9  235.836668425115  .000002296134702  233.447728519171  2.38893760980903
 10  235.836668363494  .000002411952988  233.447728341732  2.38893760980903
 11  235.836668304208  .000002533590886  233.447728160809  2.38893760980903
 12  235.836668237109  .000002661341343  233.447727965959  2.38893760980903
 13  235.836668170991  .000002795512037  233.447727765670  2.38893760980903
 14  235.836668097229  .000002936426118  233.447727550994  2.38893760980903
 15  235.836668024294  .000003084422988  233.447727330062  2.38893760980903
 16  235.836667942755  .000003239859114  233.447727093087  2.38893760980903
 17  235.836667862410  .000003403108893  233.447726849492  2.38893760980903
 18  235.836667772425  .000003574565548  233.447726588050  2.38893760980903
 19  235.836667683349  .000003754642077  233.447726318898  2.38893760980903
&
# h = 1 (l = 4)
@ type xy
 0  .108123759642760  .000000000000000  .000000000000000  .108123759642760
 1  .108123759642760  .000000000000000  .000000000000000  .108123759642760
 2  .108123759642760  .000000000000000  .000000000000000  .108123759642760
 3  .108123759642760  .000000000000000  .000000000000000  .108123759642760
 4  .108123759642760  .000000000000000  .000000000000000  .108123759642760
 5  .108123759642760  .000000000000000  .000000000000000  .108123759642760
 6  .108123759642760  .000000000000000  .000000000000000  .108123759642760
 7  .108123759642760  .000000000000000  .000000000000000  .108123759642760
 8  .108123759642760  .000000000000000  .000000000000000  .108123759642760
 9  .108123759642760  .000000000000000  .000000000000000  .108123759642760
 10  .108123759642760  .000000000000000  .000000000000000  .108123759642760
 11  .108123759642760  .000000000000000  .000000000000000  .108123759642760
 12  .108123759642760  .000000000000000  .000000000000000  .108123759642760
 13  .108123759642760  .000000000000000  .000000000000000  .108123759642760
 14  .108123759642760  .000000000000000  .000000000000000  .108123759642760
 15  .108123759642760  .000000000000000  .000000000000000  .108123759642760
 16  .108123759642760  .000000000000000  .000000000000000  .108123759642760
 17  .108123759642760  .000000000000000  .000000000000000  .108123759642760
 18  .108123759642760  .000000000000000  .000000000000000  .108123759642760
 19  .108123759642760  .000000000000000  .000000000000000  .108123759642760
&
# h = 2 (l = 6)
@ type xy
 0 -.074557531260056  .000000000000000  .000000000000000 -.074557531260056
 1 -.074557531260056  .000000000000000  .000000000000000 -.074557531260056
 2 -.074557531260056  .000000000000000  .000000000000000 -.074557531260056
 3 -.074557531260056  .000000000000000  .000000000000000 -.074557531260056
 4 -.074557531260056  .000000000000000  .000000000000000 -.074557531260056
 5 -.074557531260056  .000000000000000  .000000000000000 -.074557531260056
 6 -.074557531260056  .000000000000000  .000000000000000 -.074557531260056
 7 -.074557531260056  .000000000000000  .000000000000000 -.074557531260056
 8 -.074557531260056  .000000000000000  .000000000000000 -.074557531260056
 9 -.074557531260056  .000000000000000  .000000000000000 -.074557531260056
 10 -.074557531260056  .000000000000000  .000000000000000 -.074557531260056
 11 -.074557531260056  .000000000000000  .000000000000000 -.074557531260056
 12 -.074557531260056  .000000000000000  .000000000000000 -.074557531260056
 13 -.074557531260056  .000000000000000  .000000000000000 -.074557531260056
 14 -.074557531260056  .000000000000000  .000000000000000 -.074557531260056
 15 -.074557531260056  .000000000000000  .000000000000000 -.074557531260056
 16 -.074557531260056  .000000000000000  .000000000000000 -.074557531260056
 17 -.074557531260056  .000000000000000  .000000000000000 -.074557531260056
 18 -.074557531260056  .000000000000000  .000000000000000 -.074557531260056
 19 -.074557531260056  .000000000000000  .000000000000000 -.074557531260056
&
# h = 3 (l = 8)
@ type xy
 0 -.010486555564405  .000000000000000  .000000000000000 -.010486555564405
 1 -.010486555564405  .000000000000000  .000000000000000 -.010486555564405
 2 -.010486555564405  .000000000000000  .000000000000000 -.010486555564405
 3 -.010486555564405  .000000000000000  .000000000000000 -.010486555564405
 4 -.010486555564405  .000000000000000  .000000000000000 -.010486555564405
 5 -.010486555564405  .000000000000000  .000000000000000 -.010486555564405
 6 -.010486555564405  .000000000000000  .000000000000000 -.010486555564405
 7 -.010486555564405  .000000000000000  .000000000000000 -.010486555564405
 8 -.010486555564405  .000000000000000  .000000000000000 -.010486555564405
 9 -.010486555564405  .000000000000000  .000000000000000 -.010486555564405
 10 -.010486555564405  .000000000000000  .000000000000000 -.010486555564405
 11 -.010486555564405  .000000000000000  .000000000000000 -.010486555564405
 12 -.010486555564405  .000000000000000  .000000000000000 -.010486555564405
 13 -.010486555564405  .000000000000000  .000000000000000 -.010486555564405
 14 -.010486555564405  .000000000000000  .000000000000000 -.010486555564405
 15 -.010486555564405  .000000000000000  .000000000000000 -.010486555564405
 16 -.010486555564405  .000000000000000  .000000000000000 -.010486555564405
 17 -.010486555564405  .000000000000000  .000000000000000 -.010486555564405
 18 -.010486555564405  .000000000000000  .000000000000000 -.010486555564405
 19 -.010486555564405  .000000000000000  .000000000000000 -.010486555564405
&
