 energy and charge average matrices
  type  L       (e_i|H|e_j)                    (e_i|e_j)       
     0  0  .054127570  .007463878        .135784099  .020050350
           .007463878 -5.50609434        .020050350  1.00273762
     0  1  .055986561  .019301182        .096108481  .035069120
           .019301182 -9.11004023        .035069120  3.00309275
     0  2  1.01035399  .073098991        1.70952867  .113552934
           .073098991  .005400112        .113552934  .016656833
     0  3  .002977260  .000299261        .005331247  .000349252
           .000299261  .000289490        .000349252  .001310441
     0  4  .000674030  .000025251        .001275426 -.000020585
           .000025251 -.000123181       -.000020585  .000276155
     0  5  .000203256 -.000017287        .000370514 -.000044146
          -.000017287 -.000071717       -.000044146  .000071295
     0  6  .000047849 -.000002300        .000092739 -.000010617
          -.000002300 -.000028909       -.000010617  .000018842
     0  7  .000013983 -.000000801        .000024816 -.000002858
          -.000000801 -.000009299       -.000002858  .000005196
     0  8  .000003507 -.000000437        .000006260 -.000000946
          -.000000437 -.000002522       -.000000946  .000001633
