 ( 4i3 )
  1  8  1  2 npan, lm, ntype, spins
 ( 2i3 )
  3  2    ntls, nsets
 ( 3e22.14 )
 -0.56903032230409E+01 -0.56896127664620E+01 -0.56889223098831E+01
 ( 3e22.14 )
  0.39805156545156E+00  0.58236566619702E+00  0.59731522173041E+00
  0.58660949164414E+00  0.57631432873215E+00  0.58789657504311E+00
  0.58633429311456E+00  0.63017541199181E+00  0.59131374296466E+00
  0.35243890582556E+00  0.50049897163014E+00  0.57152950617947E+00
  0.50849533919735E+00  0.50868983831651E+00  0.53788608717434E+00
  0.54125080138022E+00  0.57111477019387E+00  0.56898736609927E+00
 -0.52912586263811E+01 -0.29539268088117E+01  0.36221629611280E+00
  0.28175765032009E+00 -0.42523332156288E+00 -0.13563974655080E+01
 -0.19464919082901E+01 -0.22774571268408E+01 -0.21781108963233E+01
 -0.54739252104015E+01 -0.31335917406523E+01  0.23707054389470E+00
  0.18801289506724E+00 -0.45147566488093E+00 -0.12724882053023E+01
 -0.18300810828501E+01 -0.23045880983778E+01 -0.19947952438432E+01
