 (2i8)
      34       2
 (i8, f12.7, f18.14, i8)
     539   2.2313925  0.02500000000000       4
 (2i12)
         538           1             scalar potential, harmonic  1
 (3e22.14)
  0.60831216559584E-03  0.62376362064925E-03  0.63960753600083E-03
  0.65585387951688E-03  0.67251287275254E-03  0.68959499672961E-03
  0.70711099852893E-03  0.72507189914091E-03  0.74348899874303E-03
  0.76237388385324E-03  0.78173843629937E-03  0.80159483898796E-03
  0.82195558464761E-03  0.84283348320150E-03  0.86424167008762E-03
  0.88619361395356E-03  0.90870312627088E-03  0.93178436854607E-03
  0.95545186247196E-03  0.97972049848291E-03  0.10046055446488E-02
  0.10301226596347E-02  0.10562878959849E-02  0.10831177153189E-02
  0.11106289950298E-02  0.11388390489251E-02  0.11677656255265E-02
  0.11974269236250E-02  0.12278416021764E-02  0.12590287961092E-02
  0.12910081328457E-02  0.13237997264863E-02  0.13574242135774E-02
  0.13919027435502E-02  0.14272570172845E-02  0.14635092694195E-02
  0.15006823172621E-02  0.15387995429179E-02  0.15778849338383E-02
  0.16179630729551E-02  0.16590591873244E-02  0.17011991274418E-02
  0.17444094099737E-02  0.17887172182872E-02  0.18341504329988E-02
  0.18807376424131E-02  0.19285081528400E-02  0.19774920260501E-02
  0.20277200822832E-02  0.20792239215099E-02  0.21320359557167E-02
  0.21861894106398E-02  0.22417183598726E-02  0.22986577421935E-02
  0.23570433926862E-02  0.24169120372266E-02  0.24783013569496E-02
  0.25412499733816E-02  0.26057974953400E-02  0.26719845460168E-02
  0.27398527640804E-02  0.28094448571093E-02  0.28808046208901E-02
  0.29539769524645E-02  0.30290079009986E-02  0.31059446770312E-02
  0.31848357025327E-02  0.32657306119843E-02  0.33486803128964E-02
  0.34337370092733E-02  0.35209542228554E-02  0.36103868382537E-02
  0.37020911375366E-02  0.37961248331968E-02  0.38925470984988E-02
  0.39914186157345E-02  0.40928016099360E-02  0.41967598840102E-02
  0.43033588601105E-02  0.44126656306470E-02  0.45247489883743E-02
  0.46396794764278E-02  0.47575294286325E-02  0.48783730137219E-02
  0.50022862976991E-02  0.51293472675600E-02  0.52596358992368E-02
  0.53932341976946E-02  0.55302262561122E-02  0.56706983011302E-02
  0.58147387554506E-02  0.59624382853462E-02  0.61138898690808E-02
  0.62691888384831E-02  0.64284329558574E-02  0.65917224674614E-02
  0.67591601672748E-02  0.69308514637567E-02  0.71069044464441E-02
  0.72874299498278E-02  0.74725416323070E-02  0.76623560334859E-02
  0.78569926658425E-02  0.80565740737935E-02  0.82612259220763E-02
  0.84710770674839E-02  0.86862596504524E-02  0.89069091680633E-02
  0.91331645614880E-02  0.93651683081605E-02  0.96030665100733E-02
  0.98470089844852E-02  0.10097149366771E-01  0.10353645172753E-01
  0.10616657989111E-01  0.10886353384999E-01  0.11162901336734E-01
  0.11446475976315E-01  0.11737255924219E-01  0.12035424373154E-01
  0.12341169119489E-01  0.12654682828871E-01  0.12976162922309E-01
  0.13305812017049E-01  0.13643837804702E-01  0.13990453201634E-01
  0.14345876662230E-01  0.14710332113973E-01  0.15084049217655E-01
  0.15467263530500E-01  0.15860216526370E-01  0.16263155826094E-01
  0.16676335444646E-01  0.17100015772362E-01  0.17534463897105E-01
  0.17979953675991E-01  0.18436765939692E-01  0.18905188647630E-01
  0.19385517175833E-01  0.19878054345947E-01  0.20383110748952E-01
  0.20901004826780E-01  0.21432063261999E-01  0.21976620849494E-01
  0.22535021157652E-01  0.23107616330073E-01  0.23694767576769E-01
  0.24296845262841E-01  0.24914229304733E-01  0.25547309159724E-01
  0.26196484312989E-01  0.26862164370450E-01  0.27544769475057E-01
  0.28244730399802E-01  0.28962488991568E-01  0.29698498254750E-01
  0.30453222844746E-01  0.31227139321736E-01  0.32020736214141E-01
  0.32834514715935E-01  0.33668988703841E-01  0.34524685228925E-01
  0.35402144771481E-01  0.36301921638988E-01  0.37224584274921E-01
  0.38170715630787E-01  0.39140913558339E-01  0.40135791262506E-01
  0.41155977455670E-01  0.42202117019824E-01  0.43274871356527E-01
  0.44374918683664E-01  0.45502954648376E-01  0.46659692596178E-01
  0.47845864175396E-01  0.49062219690819E-01  0.50309528778708E-01
  0.51588580545682E-01  0.52900184488053E-01  0.54245170787560E-01
  0.55624390741878E-01  0.57038717603887E-01  0.58489046912360E-01
  0.59976297104039E-01  0.61501410260781E-01  0.63065352506162E-01
  0.64669114701169E-01  0.66313713179480E-01  0.68000190297155E-01
  0.69729615074792E-01  0.71503084066691E-01  0.73321721797330E-01
  0.75186681786332E-01  0.77099147026210E-01  0.79060330905624E-01
  0.81071478056886E-01  0.83133864932067E-01  0.85248800776743E-01
  0.87417628519849E-01  0.89641725519452E-01  0.91922504561678E-01
  0.94261414716903E-01  0.96659942343895E-01  0.99119611905031E-01
  0.10164198732770E+00  0.10422867195588E+00  0.10688131167384E+00
  0.10960159369086E+00  0.11239124891679E+00  0.11525205279391E+00
  0.11818582705070E+00  0.12119443857920E+00  0.12427980466670E+00
  0.12744389051209E+00  0.13068871196222E+00  0.13401633764444E+00
  0.13742888835597E+00  0.14092854066881E+00  0.14451752643458E+00
  0.14819813561849E+00  0.15197271633282E+00  0.15584367874229E+00
  0.15981349393952E+00  0.16388469712791E+00  0.16805988914590E+00
  0.17234173711281E+00  0.17673297837583E+00  0.18123641922993E+00
  0.18585494010863E+00  0.19059149461396E+00  0.19544911289782E+00
  0.20043090334662E+00  0.20554005514237E+00  0.21077983828941E+00
  0.21615360936260E+00  0.22166480909139E+00  0.22731696950678E+00
  0.23311371192221E+00  0.23905875175876E+00  0.24515590116086E+00
  0.25140906891425E+00  0.25782226572248E+00  0.26439960641824E+00
  0.27114530982769E+00  0.27806370561346E+00  0.28515923381463E+00
  0.29243644948644E+00  0.29990002470132E+00  0.30755475204454E+00
  0.31540554689964E+00  0.32345745165026E+00  0.33171563797777E+00
  0.34018541076863E+00  0.34887221048647E+00  0.35778161837196E+00
  0.36691935697054E+00  0.37629129726489E+00  0.38590345894079E+00
  0.39576201688063E+00  0.40587330304861E+00  0.41624381105868E+00
  0.42688020028652E+00  0.43778929936570E+00  0.44897811083820E+00
  0.46045381447413E+00  0.47222377287529E+00  0.48429553444646E+00
  0.49667683833468E+00  0.50937561912848E+00  0.52240001094622E+00
  0.53575835223773E+00  0.54945919069983E+00  0.56351128821230E+00
  0.57792362436437E+00  0.59270540252688E+00  0.60786605477481E+00
  0.62341524698593E+00  0.63936288228615E+00  0.65571910890750E+00
  0.67249432294201E+00  0.68969917452795E+00  0.70734457282298E+00
  0.72544169219614E+00  0.74400197602348E+00  0.76303714342550E+00
  0.78255919260063E+00  0.80258040928796E+00  0.82311336833401E+00
  0.84417094215699E+00  0.86576630433270E+00  0.88791293503588E+00
  0.91062462658989E+00  0.93391548880833E+00  0.95779995274824E+00
  0.98229277749707E+00  0.10074090539661E+01  0.10331642106598E+01
  0.10595740124282E+01  0.10866545800639E+01  0.11144223722239E+01
  0.11428942136128E+01  0.11720872756012E+01  0.12020191029798E+01
  0.12327076031302E+01  0.12641710373191E+01  0.12964280644556E+01
  0.13294976942864E+01  0.13633993214009E+01  0.13981527243441E+01
  0.14337780554452E+01  0.14702958422001E+01  0.15077270044496E+01
  0.15460928382241E+01  0.15854150178476E+01  0.16257156061964E+01
  0.16670170338272E+01  0.17093421198704E+01  0.17527140464783E+01
  0.17971563806851E+01  0.18426930432674E+01  0.18893483264267E+01
  0.19371468796621E+01  0.19861136957798E+01  0.20362741246525E+01
  0.20876538447226E+01  0.21402788702927E+01  0.21941755332726E+01
  0.22493704770941E+01  0.23058906483955E+01  0.23637632745218E+01
  0.24230158785994E+01  0.24836762272569E+01  0.25457723513499E+01
  0.26093325184431E+01  0.26743852160659E+01  0.27409591361255E+01
  0.28090831736178E+01  0.28787863781920E+01  0.29500979835604E+01
  0.30230473408952E+01  0.30976639391690E+01  0.31739773645721E+01
  0.32520172960525E+01  0.33318134826402E+01  0.34133957174122E+01
  0.34967938390749E+01  0.35820377046836E+01  0.36691571582628E+01
  0.37581820441914E+01  0.38491421715758E+01  0.39420673105565E+01
  0.40369871724564E+01  0.41339314032702E+01  0.42329295752990E+01
  0.43340111748036E+01  0.44372055986186E+01  0.45425421534063E+01
  0.46500500507015E+01  0.47597583998170E+01  0.48716962351970E+01
  0.49858924896696E+01  0.51023760262370E+01  0.52211756416351E+01
  0.53423200750876E+01  0.54658380302215E+01  0.55917581828589E+01
  0.57201092160589E+01  0.58509198264812E+01  0.59842187470342E+01
  0.61200347775740E+01  0.62583968025931E+01  0.63993338123839E+01
  0.65428749200802E+01  0.66890493841018E+01  0.68378866125095E+01
  0.69894161910430E+01  0.71436678508966E+01  0.73006714985073E+01
  0.74604571747327E+01  0.76230550351269E+01  0.77884953172397E+01
  0.79568082720587E+01  0.81280241025370E+01  0.83021728706449E+01
  0.84792843865876E+01  0.86593880863607E+01  0.88425128706600E+01
  0.90286869368895E+01  0.92179375954298E+01  0.94102910340038E+01
  0.96057721069000E+01  0.98044040840949E+01  0.10006208387743E+02
  0.10211204352429E+02  0.10419408959733E+02  0.10630836642027E+02
  0.10845499018941E+02  0.11063404719683E+02  0.11284559339111E+02
  0.11508965377293E+02  0.11736622227350E+02  0.11967526323136E+02
  0.12201671355634E+02  0.12439048611192E+02  0.12679647380496E+02
  0.12923455477338E+02  0.13170459871766E+02  0.13420647111977E+02
  0.13674004235143E+02  0.13930519188993E+02  0.14190181319775E+02
  0.14452981782347E+02  0.14718914018088E+02  0.14987973314917E+02
  0.15260157046107E+02  0.15535464114354E+02  0.15813894327437E+02
  0.16095447581387E+02  0.16380123017869E+02  0.16667917774072E+02
  0.16958825958030E+02  0.17252837492235E+02  0.17549936878140E+02
  0.17850102432345E+02  0.18153304982742E+02  0.18459507511051E+02
  0.18768664516841E+02  0.19080721471901E+02  0.19395615000867E+02
  0.19713272863300E+02  0.20033614373990E+02  0.20356550905554E+02
  0.20681986769696E+02  0.21009820205307E+02  0.21339944486100E+02
  0.21672249348541E+02  0.22006622330544E+02  0.22342950559422E+02
  0.22681121988308E+02  0.23021027536886E+02  0.23362562313986E+02
  0.23705627540284E+02  0.24050131814244E+02  0.24395992705691E+02
  0.24743137708857E+02  0.25091505373391E+02  0.25441045803572E+02
  0.25791721099806E+02  0.26143505235285E+02  0.26496383536713E+02
  0.26850351665573E+02  0.27205414196623E+02  0.27561582589914E+02
  0.27918872643160E+02  0.28277301434438E+02  0.28636883733461E+02
  0.28997628246465E+02  0.29359533244184E+02  0.29722582502590E+02
  0.30086741212022E+02  0.30451952450748E+02  0.30818134504884E+02
  0.31185179694317E+02  0.31552954935394E+02  0.31921304276418E+02
  0.32290054247511E+02  0.32659021331745E+02  0.33028021483614E+02
  0.33396881316616E+02  0.33765448798715E+02  0.34133602912970E+02
  0.34501260480392E+02  0.34868378956372E+02  0.35234954502784E+02
  0.35601015492282E+02  0.35966612469353E+02  0.36331805357949E+02
  0.36696650084958E+02  0.37061185335828E+02  0.37425421339232E+02
  0.37789331085104E+02  0.38152844126847E+02  0.38515843476173E+02
  0.38878164971334E+02  0.39239599078418E+02  0.39599894072712E+02
  0.39958761284517E+02  0.40315880738743E+02  0.40670907799088E+02
  0.41023480084821E+02  0.41373224340331E+02  0.41719763571606E+02
  0.42062723374902E+02  0.42401738416412E+02  0.42736457970011E+02
  0.43066550962087E+02  0.43391710475685E+02  0.43711657352033E+02
  0.44026143027950E+02  0.44334951787990E+02  0.44637901858705E+02
  0.44934846229239E+02  0.45225672272792E+02  0.45510300873668E+02
  0.45788684882213E+02  0.46060806971924E+02  0.46326676743163E+02
  0.46586327589394E+02  0.46839813225660E+02  0.47087203579936E+02
  0.47328580603044E+02  0.47564034140925E+02  0.47793657386760E+02
  0.48017542848445E+02  0.48235778047493E+02  0.48448441814149E+02
  0.48655600883029E+02  0.48857307065890E+02  0.49053595128259E+02
  0.49244481335557E+02  0.49429962859197E+02  0.49610018317201E+02
  0.49784608768809E+02  0.49953679652874E+02  0.50117163308238E+02
  0.50274981352211E+02  0.50427046970056E+02  0.50573266366548E+02
  0.50713538720260E+02  0.50847754647666E+02  0.50975792155606E+02
  0.51097510406590E+02  0.51212740440110E+02  0.51321273675822E+02
  0.51422846883729E+02  0.51517124848549E+02  0.51603679104957E+02
  0.51681963537109E+02
 (2i12)
         371         168             scalar potential, harmonic  2
 (3e22.14)
  0.15040375085315E-14  0.35766568200864E-14  0.13140129430199E-14
  0.12591396098458E-14 -0.84269888912976E-15  0.92924483099871E-14
  0.26839345134452E-14 -0.36208684215130E-14  0.11322872843582E-14
  0.39481159881367E-14  0.15329547937764E-14 -0.58306487272686E-14
  0.21362583933505E-14 -0.11471424588336E-14  0.38860653628600E-14
  0.50240644610264E-14  0.10039644407246E-14  0.71575727276862E-15
 -0.32803054266443E-14  0.27091919388651E-15  0.44342425184624E-14
  0.21113241695224E-13  0.71264073031134E-14  0.28769683468859E-14
 -0.92129922997820E-14  0.17488327456877E-13  0.67430544952868E-14
 -0.43612003219190E-14  0.31290462135314E-14  0.48441674052420E-14
 -0.44554760043583E-14 -0.39524134427322E-14  0.37131647513160E-14
  0.56371643897385E-14 -0.23297435889696E-14  0.19009489511829E-13
 -0.46289771635510E-14  0.10883083577706E-13  0.87056060447377E-14
 -0.31534702767212E-14 -0.12841462443177E-13  0.49660188462974E-14
 -0.11831953364990E-13  0.33139831671791E-13  0.62795972240423E-14
  0.11064098230049E-13  0.34465022090786E-13  0.79423412203949E-14
  0.30093605571113E-13  0.29710395168971E-13  0.14772528420974E-13
  0.37073330686023E-13  0.30018758344384E-13  0.32577588662735E-13
  0.33355804045309E-13  0.31714921808885E-13  0.48441696092810E-13
  0.30577867067952E-13  0.36795950499067E-13  0.51257785797781E-13
  0.19993756752713E-13  0.83144642280768E-13  0.57035332639605E-13
  0.47099836624079E-13  0.45434437061217E-13  0.61921558108744E-13
  0.10227378182946E-12  0.55206622261957E-13  0.10144230730839E-12
  0.13690725045585E-12  0.64211708866789E-13  0.10980542268029E-12
  0.11045937991187E-12  0.12054924593888E-12  0.15284073514373E-12
  0.20534410101493E-12  0.15228986153448E-12  0.20824001050449E-12
  0.21117032919569E-12  0.22864968684468E-12  0.20207525317846E-12
  0.21389845417595E-12  0.24538596222779E-12  0.27383996364350E-12
  0.30071851651782E-12  0.35093512397443E-12  0.37101488326632E-12
  0.36112549883955E-12  0.46206143200938E-12  0.44818393725474E-12
  0.42677427723402E-12  0.50015418877935E-12  0.40016252808673E-12
  0.55986207747064E-12  0.49286114086698E-12  0.47078131266429E-12
  0.57100891005526E-12  0.57174864295289E-12  0.60190250073237E-12
  0.51170933915250E-12  0.56284224246084E-12  0.72170724954029E-12
  0.54042696949415E-12  0.55287849493620E-12  0.43920153810473E-12
  0.51574152503946E-12  0.40053697016463E-12  0.27185866462299E-12
  0.19605685473681E-12  0.66047739331215E-13 -0.19789415421866E-12
 -0.38753747896171E-12 -0.56016526027003E-12 -0.93532982222829E-12
 -0.11621282139566E-11 -0.15447597916691E-11 -0.21214545552811E-11
 -0.27680955812413E-11 -0.34241096259597E-11 -0.43509494259105E-11
 -0.53105583492166E-11 -0.63001655394305E-11 -0.77166374239729E-11
 -0.93670236058967E-11 -0.11028562800159E-10 -0.13200647730968E-10
 -0.15524189271677E-10 -0.18422967208873E-10 -0.21463534778217E-10
 -0.25272720741193E-10 -0.29537357558381E-10 -0.34519302930644E-10
 -0.39974533670045E-10 -0.46400226709311E-10 -0.54069930027657E-10
 -0.62447515355146E-10 -0.72300601547721E-10 -0.83634956103067E-10
 -0.96174940811780E-10 -0.11046846267000E-09 -0.12743206512201E-09
 -0.14635052801736E-09 -0.16803642503063E-09 -0.19268371325017E-09
 -0.22091347761602E-09 -0.25307591318901E-09 -0.29005791827597E-09
 -0.33162075403492E-09 -0.37929144378342E-09 -0.43319833167962E-09
 -0.49469084388542E-09 -0.56510731815865E-09 -0.64451237181859E-09
 -0.73508398627522E-09 -0.83767940403465E-09 -0.95492344566159E-09
 -0.10873991273126E-08 -0.12382334692112E-08 -0.14092591484135E-08
 -0.16035768060137E-08 -0.18234505225482E-08 -0.20736571682301E-08
 -0.23572743591341E-08 -0.26785450066341E-08 -0.30427563560795E-08
 -0.34559646605727E-08 -0.39235648625707E-08 -0.44539052571289E-08
 -0.50543347163041E-08 -0.57345950809252E-08 -0.65049178319856E-08
 -0.73766062218626E-08 -0.83631253576308E-08 -0.94800727413964E-08
 -0.10743237543422E-07 -0.12172524421514E-07 -0.13788750159947E-07
 -0.15616354691769E-07 -0.17682459765074E-07 -0.20017295203053E-07
 -0.22656258694300E-07 -0.25637616614289E-07 -0.29004650090359E-07
 -0.32808042686365E-07 -0.37101549799003E-07 -0.41947296317371E-07
 -0.47417062478441E-07 -0.53587448626728E-07 -0.60547663532108E-07
 -0.68396174911620E-07 -0.77243974641384E-07 -0.87215909012011E-07
 -0.98451212182548E-07 -0.11110622989674E-06 -0.12535641480473E-06
 -0.14139688259271E-06 -0.15944690370901E-06 -0.17975115739056E-06
 -0.20258286433647E-06 -0.22824598062944E-06 -0.25708219602110E-06
 -0.28946977148791E-06 -0.32582854299845E-06 -0.36662920249651E-06
 -0.41239185314598E-06 -0.46369592896624E-06 -0.52118193528601E-06
 -0.58556020497470E-06 -0.65761656890158E-06 -0.73822152517245E-06
 -0.82833127174957E-06 -0.92900429499921E-06 -0.10414038117014E-05
 -0.11668087071693E-05 -0.13066234587882E-05 -0.14623893167746E-05
 -0.16357903535466E-05 -0.18286715615081E-05 -0.20430449710097E-05
 -0.22811074621694E-05 -0.25452511632287E-05 -0.28380821296718E-05
 -0.31624334760991E-05 -0.35213911112611E-05 -0.39183125499532E-05
 -0.43568549426698E-05 -0.48410035598510E-05 -0.53751196341502E-05
 -0.59639818496924E-05 -0.66128449790572E-05 -0.73275157240058E-05
 -0.81144422192581E-05 -0.89808203970109E-05 -0.99347215023341E-05
 -0.10985256094270E-04 -0.12142748405173E-04 -0.13418953944691E-04
 -0.14827290786932E-04 -0.16383115579517E-04 -0.18103999558863E-04
 -0.20010047524254E-04 -0.22124208548225E-04 -0.24472601576273E-04
 -0.27084821677436E-04 -0.29994256452095E-04 -0.33238352260519E-04
 -0.36858873520913E-04 -0.40902114551252E-04 -0.45419087910603E-04
 -0.50465676884850E-04 -0.56102739608739E-04 -0.62396195592954E-04
 -0.69417080688248E-04 -0.77241556548614E-04 -0.85950898643680E-04
 -0.95631429307444E-04 -0.10637441418902E-03 -0.11827588347872E-03
 -0.13143637204674E-03 -0.14596056652816E-03 -0.16195681184728E-03
 -0.17953647021353E-03 -0.19881308800833E-03 -0.21990132313047E-03
 -0.24291562316043E-03 -0.26796856269008E-03 -0.29516882588853E-03
 -0.32461874050018E-03 -0.35641132786055E-03 -0.39062677106051E-03
 -0.42732823942248E-03 -0.46655696961224E-03 -0.50832649025671E-03
 -0.55261594809159E-03 -0.59936235545459E-03 -0.64845170420768E-03
 -0.69970882352645E-03 -0.75288590532856E-03 -0.80764962119606E-03
 -0.86356684132586E-03 -0.92008897977530E-03 -0.97653518499529E-03
 -0.10320746779191E-02 -0.10857088497997E-02 -0.11362540609525E-02
 -0.11823265468972E-02 -0.12223315255787E-02 -0.12544594228862E-02
 -0.12766932269931E-02 -0.12868322857680E-02 -0.12825392050717E-02
 -0.12614179522505E-02 -0.12211320260865E-02 -0.11595714062856E-02
 -0.10750746616849E-02 -0.96670709588850E-03 -0.83458582452038E-03
 -0.68022789590712E-03 -0.50687861810279E-03 -0.31975807603390E-03
 -0.12615081385851E-03  0.64734099160936E-04  0.24218039241410E-03
  0.39465721660614E-03  0.51072003789267E-03  0.57999183989297E-03
  0.59406391296180E-03  0.54716630065691E-03  0.43651094905620E-03
  0.26228662909267E-03  0.27356982604790E-04 -0.26324020411305E-03
 -0.60288108944107E-03 -0.98393472128150E-03 -0.13982664464745E-02
 -0.18376324260752E-02 -0.22939586818962E-02 -0.27595158214157E-02
 -0.32270092664752E-02 -0.36896068623274E-02 -0.41409238265786E-02
 -0.45749811518122E-02 -0.49861495185407E-02 -0.53690868130620E-02
 -0.57186744027107E-02 -0.60299549908916E-02 -0.62980731895262E-02
 -0.65182190471186E-02 -0.66855738598199E-02 -0.67952574956703E-02
 -0.68422760070501E-02 -0.68214684885400E-02 -0.67274518726767E-02
 -0.65545626671994E-02 -0.62967944651839E-02 -0.59477302539589E-02
 -0.55004684422745E-02 -0.49475417432572E-02 -0.42808275933121E-02
 -0.34914491515580E-02 -0.25696650296315E-02 -0.15047460332233E-02
 -0.28483582792581E-03  0.11032081863213E-02  0.26739997838941E-02
  0.44438424928302E-02  0.64309936978594E-02  0.86559899668577E-02
  0.11142055462240E-01  0.13915621217097E-01  0.17006990555114E-01
  0.20451191879394E-01  0.24289064453914E-01  0.28568621731835E-01
  0.33346731396054E-01  0.38691133318433E-01  0.44682796423644E-01
  0.51418585478266E-01  0.59014187258575E-01  0.67607233110495E-01
  0.77360570787543E-01  0.88465678097586E-01  0.10114627886223E+00
  0.11566230280039E+00  0.13231440126573E+00  0.15144929407523E+00
  0.17346623773257E+00  0.19882490794940E+00  0.22805497763745E+00
  0.26176763491094E+00  0.30066926966969E+00
 (2i12)
         312         227             scalar potential, harmonic  3
 (3e22.14)
 -0.82882575222783E-16 -0.93282115161283E-16 -0.96466172524392E-16
 -0.34550676832995E-12 -0.21516661059712E-13 -0.33524172056706E-13
  0.22881178166624E-14 -0.23711243261613E-14 -0.15627004040967E-13
  0.46761985937303E-13  0.39519909917877E-13 -0.42406974338122E-14
 -0.15104165742397E-13 -0.27250332245092E-14 -0.54086340122197E-14
  0.97041651520595E-14 -0.24411032820177E-13  0.19042470348538E-13
  0.20244063909447E-13  0.11533965102596E-13 -0.30292815861149E-13
  0.12161586360517E-13 -0.10594691069811E-13 -0.18803667941860E-13
  0.26458792297679E-13 -0.26366206398723E-13 -0.23039401684091E-13
 -0.36975005179651E-14  0.19624350517641E-13 -0.62200121780074E-14
  0.33911820755740E-15 -0.14384826682058E-13 -0.54429317656582E-14
  0.17315669405588E-13  0.79204829242401E-14  0.39272503696400E-14
 -0.45838759680120E-14  0.69157007206021E-14  0.18316229250718E-13
 -0.28363111100683E-13  0.60533793113796E-14 -0.15916272561818E-13
  0.52407815973177E-13  0.15142219048554E-13  0.20096336695456E-13
 -0.50100111909232E-13 -0.27171956491645E-13  0.16454089446219E-13
  0.15876113509550E-13  0.23692777390849E-13  0.13342424740656E-13
  0.21184291028133E-13 -0.60984803120761E-14 -0.41199774278962E-13
 -0.56485623553462E-13  0.16567092409376E-13 -0.32922910755703E-14
 -0.40944827551342E-13  0.43568116996877E-13  0.42735535155604E-13
  0.49832362409623E-13 -0.36960682872640E-13  0.26300322024422E-13
 -0.23431310868136E-13  0.28975887282648E-13  0.85584068930391E-13
 -0.12471834736934E-13 -0.72174818906430E-13 -0.95203420308617E-13
  0.80788572569812E-13  0.80423484407185E-14  0.23475753217744E-13
  0.51603449660235E-14 -0.31015592805706E-13  0.86675845357978E-14
  0.70430519616383E-14  0.37733883221455E-13  0.91876306367446E-13
  0.78995038886594E-13 -0.79406411961055E-13  0.39604550747580E-13
  0.19524715047606E-13 -0.19341757548017E-12  0.12367981543881E-12
 -0.51672591384695E-13 -0.11655952336096E-12  0.89694964958105E-14
 -0.53271518495291E-13 -0.52676725224617E-13 -0.59738726468025E-13
  0.44413923710077E-13  0.87644638928999E-13  0.47715848985802E-13
 -0.43906037160084E-13  0.82450235679616E-13  0.10001057640011E-12
  0.90176865678506E-13 -0.10658551101176E-12 -0.94766326489186E-14
  0.28042743091698E-14  0.10708936965196E-12  0.14224305638186E-12
 -0.11489496773812E-12  0.13170790446880E-12 -0.34400241333484E-13
 -0.47161599478473E-14 -0.16699963107086E-13 -0.12972311773578E-12
  0.14700139632513E-12 -0.23784581214707E-13  0.38928151781546E-13
  0.12368053647874E-13 -0.10635950884705E-12 -0.13023877184172E-12
 -0.21053478055080E-13 -0.36751780930966E-14  0.15991361249530E-12
 -0.79116404043975E-13  0.30321610971520E-13  0.51266971841202E-13
 -0.84507356834265E-13 -0.12528284851387E-14  0.14525678098683E-12
  0.22826395779344E-12 -0.12323574552288E-12  0.25106494863813E-13
  0.75017800903068E-13  0.22050202828875E-12 -0.22891820575595E-13
  0.22815163890881E-13 -0.39860837952138E-13  0.48541277295261E-13
 -0.22782081955132E-12 -0.12485441613315E-12 -0.16079814411064E-12
  0.62712864194639E-13 -0.22501869442193E-12 -0.43899359686247E-14
 -0.21359274140331E-12 -0.83108817723811E-13 -0.10648051230533E-13
 -0.47351033621390E-13  0.15657546946950E-12  0.53431536077845E-12
 -0.29190923269797E-13  0.28023278222452E-12  0.50870666480615E-12
  0.53103848025921E-12  0.51594390045715E-12  0.75922003115220E-12
  0.73184587818989E-12  0.81968392979080E-12  0.88048325008544E-12
  0.12399519672119E-11  0.16708995030603E-11  0.20013418839633E-11
  0.25260751757779E-11  0.29774617255423E-11  0.32797520610494E-11
  0.43125537870401E-11  0.45856051238874E-11  0.61076010352711E-11
  0.73408309841362E-11  0.91489264956871E-11  0.11494422205857E-10
  0.14104600727652E-10  0.17326404041539E-10  0.21933440568268E-10
  0.27163771215444E-10  0.34117236297436E-10  0.43434257377717E-10
  0.54750207006414E-10  0.68974955781821E-10  0.87297416947502E-10
  0.11065089562570E-09  0.14013252552895E-09  0.17848995711879E-09
  0.22647202357830E-09  0.28733128453371E-09  0.36340702318716E-09
  0.45942754555942E-09  0.57995963762120E-09  0.72979104100396E-09
  0.91673871366850E-09  0.11470781981122E-08  0.14314556865104E-08
  0.17790259933883E-08  0.22040727645726E-08  0.27208451664926E-08
  0.33468781456461E-08  0.41030236180383E-08  0.50129879092127E-08
  0.61046355964181E-08  0.74115918255319E-08  0.89743751163631E-08
  0.10838915159786E-07  0.13061777807649E-07  0.15709771719823E-07
  0.18862510729491E-07  0.22615895705236E-07  0.27084970380858E-07
  0.32409331547030E-07  0.38757188521987E-07  0.46331746033188E-07
  0.55378784917293E-07  0.66200267493853E-07  0.79159473012536E-07
  0.94704052322735E-07  0.11337882089142E-06  0.13585131750215E-06
  0.16294306924774E-06  0.19566456896136E-06  0.23526080429889E-06
  0.28327304702152E-06  0.34160581759590E-06  0.41262530330133E-06
  0.49927097460784E-06  0.60520331889007E-06  0.73498722837806E-06
  0.89432340144379E-06  0.10903342591654E-05  0.13319351193086E-05
  0.16302816497913E-05  0.19993300477324E-05  0.24565283902116E-05
  0.30236568471553E-05  0.37278279402551E-05  0.46026670137611E-05
  0.56896595503233E-05  0.70396163064427E-05  0.87141869127738E-05
  0.10787240410818E-04  0.13345849630845E-04  0.16490485274577E-04
  0.20333828156322E-04  0.24997530525677E-04  0.30606088318464E-04
  0.37277147974239E-04  0.45107895709882E-04  0.54157928853047E-04
  0.64430212501194E-04  0.75853110115102E-04  0.88267739131063E-04
  0.10142526117671E-03  0.11499763626331E-03  0.12860265983318E-03
  0.14184023430982E-03  0.15433337901788E-03  0.16576578367512E-03
  0.17590861925189E-03  0.18463250208781E-03  0.19190451501456E-03
  0.19777355220089E-03  0.20234889121833E-03  0.20577690458851E-03
  0.20821962517312E-03  0.20983724329844E-03  0.21077520609594E-03
  0.21115556207792E-03  0.21107167863805E-03  0.21058527070739E-03
  0.20972476827850E-03  0.20848418573093E-03  0.20682184795660E-03
  0.20465847250494E-03  0.20187423969725E-03  0.19830453513732E-03
  0.19373407510966E-03  0.18788913615307E-03  0.18042755249252E-03
  0.17092608891599E-03  0.15886472556758E-03  0.14360726267683E-03
  0.12437751725983E-03  0.10023023301915E-03  0.70015609210297E-04
  0.32336115228004E-04 -0.14506058281589E-04 -0.72572869084456E-04
 -0.14436806394523E-03 -0.23293150565979E-03 -0.34195374552592E-03
 -0.47591509438850E-03 -0.64025433057127E-03 -0.84157313662688E-03
 -0.10878834821178E-02 -0.13889064351654E-02 -0.17564322827697E-02
 -0.22047533249407E-02 -0.27511823992552E-02 -0.34166719244450E-02
 -0.42265503491937E-02 -0.52113953252874E-02 -0.64080661433748E-02
 -0.78609226776752E-02 -0.96232646627317E-02 -0.11759034786393E-01
 -0.14344842204319E-01 -0.17472380617758E-01 -0.21251335010873E-01
 -0.25812895667025E-01 -0.31314021562246E-01 -0.37942621620057E-01
 -0.45923848252586E-01 -0.55527727130020E-01 -0.67078382450401E-01
 -0.80965161453406E-01 -0.97656016839083E-01 -0.11771357310288E+00
 -0.14181438332925E+00 -0.17077196787225E+00 -0.20556434849393E+00
 (2i12)
         355         184             scalar potential, harmonic  4
 (3e22.14)
  0.46823111161707E-14  0.49640348466260E-14  0.29763026794308E-14
  0.40447133947399E-14 -0.45050116432241E-14  0.12580650813527E-14
  0.43391079620000E-14 -0.14971954448468E-15 -0.67192251819354E-14
  0.53516732197925E-14 -0.16356934640968E-14  0.52394342058338E-14
 -0.72152425616199E-14  0.71036900256756E-14  0.81954343644207E-14
 -0.86064877041881E-14 -0.68995042590864E-14 -0.23776461091189E-14
  0.13006272506220E-15 -0.48035548783102E-14 -0.17304408789547E-13
 -0.88037705287483E-14 -0.44766792763738E-14  0.59702829549077E-14
  0.14437841129809E-13 -0.11766114362727E-13  0.94565327181213E-14
  0.12103035337802E-13  0.68523771963640E-14  0.21726342608970E-13
 -0.97265777448937E-15  0.20646624790223E-14 -0.93544589977746E-14
 -0.14234342962686E-13 -0.45082445304009E-14  0.20570383433367E-13
  0.40028414893732E-15  0.92198064830146E-14 -0.74701580112935E-14
 -0.13347865232111E-14 -0.10611221909175E-13 -0.22284739534705E-13
  0.67274253014463E-14  0.26371799052251E-13 -0.10368269896445E-13
  0.17497454060803E-13  0.79140084432585E-14 -0.36658298454120E-13
 -0.95583059376578E-14 -0.11966555542222E-13  0.15242384219882E-13
  0.45566655059656E-13 -0.12740357610747E-13 -0.15479500405560E-13
  0.42445249248170E-14 -0.14190571641687E-13 -0.14292229986728E-13
 -0.47044892133713E-13 -0.23073186978925E-13 -0.51363346771943E-14
  0.95882252771147E-14  0.45699385866029E-15  0.36758671634313E-13
 -0.37986781489600E-14 -0.12099963084322E-13  0.26551984226244E-14
 -0.26812047596163E-13  0.12742026163010E-13 -0.14148365536725E-13
 -0.73411306248205E-14  0.12459137987910E-13 -0.52314026283200E-14
  0.85415883976272E-15 -0.24032419043634E-13 -0.28301535794022E-13
  0.18676418094030E-13 -0.34756150425454E-15  0.31299600012161E-13
 -0.47651181201012E-14 -0.31217465775733E-13 -0.28009147063354E-13
 -0.32255772862628E-13 -0.66757607296705E-14  0.56612494075560E-13
 -0.89908837156543E-14  0.79787849165628E-14  0.34419452266795E-13
  0.70049584609498E-13 -0.47592024845435E-13 -0.79255538341407E-13
 -0.68395786177885E-13 -0.53145469556747E-13 -0.35636902034192E-13
  0.13988220349961E-13 -0.28741756700927E-13  0.19104635140740E-13
 -0.38780412837719E-13  0.57542550856059E-13  0.25826413271785E-13
 -0.22598470421060E-13 -0.78131066825462E-13  0.48226695192201E-13
  0.76491593616233E-14  0.19243468499603E-13 -0.15922040959522E-13
 -0.10475913134853E-12  0.72945269567055E-13 -0.95378600307429E-13
 -0.59175305665635E-15 -0.70989010733694E-13 -0.74117884124298E-13
  0.62980711622976E-13 -0.80047061976630E-15  0.60287429184343E-14
 -0.55092804898327E-13 -0.11247263723733E-13  0.11165248239048E-12
  0.28776267472933E-13 -0.95735825976362E-13 -0.17184769210234E-13
  0.70557039828572E-14  0.90061069472195E-14 -0.17863051944652E-13
 -0.98134098248501E-13 -0.39690581408558E-13  0.68412236602612E-13
 -0.10226261436288E-12 -0.26644331546329E-12 -0.12912814409385E-12
  0.21062158312371E-13  0.19594349163505E-13 -0.34801197263752E-14
 -0.26569757631789E-13  0.30196899197165E-12 -0.35675522421820E-13
  0.24595927862390E-12  0.24064824085682E-13  0.33069979322651E-13
  0.14950887813753E-12 -0.61608409520055E-13 -0.18516358707549E-12
 -0.47640671268397E-13  0.91363173264709E-13 -0.96711605278034E-13
  0.11283661442717E-12  0.11061016720065E-12  0.10254567093224E-12
  0.51820080101729E-13  0.13120527967515E-12 -0.10598570110014E-12
  0.17517399023833E-12  0.88849080701167E-13 -0.12043405408498E-12
 -0.20517062746897E-12 -0.23682138160670E-13 -0.65186669037051E-13
  0.21498134827919E-12 -0.10456210911204E-12  0.13441687989429E-12
 -0.19158770550208E-12 -0.16169095412650E-12  0.20468029537316E-12
  0.41522850193297E-14  0.20050527451627E-12  0.30920236285085E-12
 -0.43060769904008E-13 -0.11844159818982E-12  0.15103455444382E-12
 -0.24859598426559E-12  0.11163583533904E-12  0.44109928732559E-13
  0.17324610884553E-12  0.11521091232540E-13 -0.28001800656075E-12
  0.21618060829043E-12 -0.21048423606298E-12  0.16434782624802E-13
 -0.44457012606331E-14 -0.31704165211664E-14 -0.13176807232482E-12
  0.13250309754592E-12  0.21653311335113E-12  0.12516332254539E-12
  0.22526645591896E-12 -0.19679741933402E-12 -0.22991751791979E-12
  0.34835499182236E-12  0.50968719186741E-12  0.21882965633113E-12
  0.38767130872208E-12 -0.12482710234612E-12  0.15346744188367E-12
  0.27286103927592E-13  0.15551317943481E-12 -0.26744207420696E-12
  0.27089780059840E-13  0.37902084584362E-12  0.30713186378321E-12
  0.38103622445572E-12  0.53883229523387E-12  0.61378688862932E-12
  0.11951180218213E-11  0.14774263976641E-11  0.19637075778400E-11
  0.23688559069272E-11  0.31331218540392E-11  0.37439686110389E-11
  0.57707532650821E-11  0.71414466369478E-11  0.10339921588917E-10
  0.13656300509283E-10  0.17273792655139E-10  0.23193158171816E-10
  0.29559050662755E-10  0.39728748085888E-10  0.51938152105201E-10
  0.68297205997282E-10  0.88736086685229E-10  0.11694874595875E-09
  0.15173985895391E-09  0.19740038900954E-09  0.25531205457438E-09
  0.32877837753984E-09  0.42325219332464E-09  0.54187022403249E-09
  0.69081958923754E-09  0.87690525922759E-09  0.11083603310667E-08
  0.13944120232177E-08  0.17467324587000E-08  0.21783091439282E-08
  0.27050447534510E-08  0.33438360861907E-08  0.41169732285978E-08
  0.50484578163782E-08  0.61688473839495E-08  0.75116567465197E-08
  0.91184971546366E-08  0.11037900625088E-07  0.13327581503736E-07
  0.16059636239936E-07  0.19314960767410E-07  0.23193697910066E-07
  0.27820985182807E-07  0.33339357518872E-07  0.39927793418339E-07
  0.47803045981096E-07  0.57223645744105E-07  0.68512633910274E-07
  0.82057789602658E-07  0.98337656100149E-07  0.11793656104899E-06
  0.14157639573492E-06  0.17014174583640E-06  0.20472467254493E-06
  0.24667683478191E-06  0.29767230625385E-06  0.35978702348373E-06
  0.43560273486868E-06  0.52833429402338E-06  0.64199076044027E-06
  0.78158280170932E-06  0.95337201726279E-06  0.11652040510424E-05
  0.14269002326746E-05  0.17507688184364E-05  0.21522297249684E-05
  0.26505792791130E-05  0.32699278541236E-05  0.40403197898243E-05
  0.49990602204582E-05  0.61922142702743E-05  0.76762699675060E-05
  0.95198510866624E-05  0.11805295472782E-04  0.14629829101855E-04
  0.18105856488082E-04  0.22359777688736E-04  0.27528508987884E-04
  0.33752831950859E-04  0.41166748216736E-04  0.49882418523114E-04
  0.59971078732505E-04  0.71441655563033E-04  0.84220373757973E-04
  0.98136098092325E-04  0.11291666109520E-03  0.12820030204154E-03
  0.14356327912114E-03  0.15856051993621E-03  0.17277203508412E-03
  0.18584585848693E-03  0.19752918452564E-03  0.20768287842976E-03
  0.21627909496271E-03  0.22338562199603E-03  0.22914250471963E-03
  0.23373655725501E-03  0.23737802975937E-03  0.24028188256973E-03
  0.24265447303505E-03  0.24468534873029E-03  0.24654316238942E-03
  0.24837464094563E-03  0.25030553014589E-03  0.25244269286543E-03
  0.25487673455707E-03  0.25768472898013E-03  0.26093279625105E-03
  0.26467837537824E-03  0.26897211265872E-03  0.27385933964590E-03
  0.27938111977460E-03  0.28557484192481E-03  0.29247436532554E-03
  0.30010964595523E-03  0.30850579841240E-03  0.31768150648515E-03
  0.32764662336170E-03  0.33839879496509E-03  0.34991886729025E-03
  0.36216474591941E-03  0.37506332100105E-03  0.38849994468047E-03
  0.40230482580373E-03  0.41623558257347E-03  0.42995498239569E-03
  0.44300281379059E-03  0.45476054357497E-03  0.46440734829056E-03
  0.47086591929840E-03  0.47273638103825E-03  0.46821668047205E-03
  0.45500783875090E-03  0.43020258020945E-03  0.39015580391427E-03
  0.33033493328886E-03  0.24514696566043E-03  0.12773648677748E-03
 -0.30255491777954E-04 -0.23898852001207E-03 -0.51080066408261E-03
 -0.86070198075144E-03 -0.13070271410266E-02 -0.18722979193425E-02
 -0.25843511073299E-02 -0.34777907183473E-02 -0.45958284945631E-02
 -0.59925868575248E-02 -0.77359576562015E-02 -0.99111398929872E-02
 -0.12625021825158E-01 -0.16011627493872E-01 -0.20238917743729E-01
 -0.25517325884678E-01
 (2i12)
         538           1      magnetization potential, harmonic  1
 (3e22.14)
 -0.17208600019157E-08 -0.17638817393049E-08 -0.18079788766865E-08
 -0.18531783021322E-08 -0.18995080472135E-08 -0.19469956070947E-08
 -0.19956701807810E-08 -0.20455619128166E-08 -0.20967007050256E-08
 -0.21491174923004E-08 -0.22028449596304E-08 -0.22579153255386E-08
 -0.23143624264394E-08 -0.23722206620701E-08 -0.24315250121782E-08
 -0.24923123867404E-08 -0.25546188219887E-08 -0.26184825277865E-08
 -0.26839429410183E-08 -0.27510399240028E-08 -0.28198136034689E-08
 -0.28903064199611E-08 -0.29625618104160E-08 -0.30366232739060E-08
 -0.31125359681746E-08 -0.31903461490383E-08 -0.32701012082216E-08
 -0.33518497257158E-08 -0.34356415633833E-08 -0.35215282022459E-08
 -0.36095615087078E-08 -0.36997956079501E-08 -0.37922844700729E-08
 -0.38870854543393E-08 -0.39842562733149E-08 -0.40838556813110E-08
 -0.41859443076682E-08 -0.42905853717537E-08 -0.43978410763283E-08
 -0.45077783119513E-08 -0.46204625185140E-08 -0.47359638204501E-08
 -0.48543520792065E-08 -0.49756989182071E-08 -0.51000787492440E-08
 -0.52275668359816E-08 -0.53582417816169E-08 -0.54921822474646E-08
 -0.56294712161602E-08 -0.57701903818507E-08 -0.59144274050212E-08
 -0.60622691215496E-08 -0.62138045876189E-08 -0.63691281105191E-08
 -0.65283331466845E-08 -0.66915167670544E-08 -0.68587793238378E-08
 -0.70302205998413E-08 -0.72059470681197E-08 -0.73860656127298E-08
 -0.75706839799946E-08 -0.77599165498062E-08 -0.79538775438381E-08
 -0.81526859567840E-08 -0.83564619457535E-08 -0.85653314574653E-08
 -0.87794197266917E-08 -0.89988569601983E-08 -0.92237768366504E-08
 -0.94543181794728E-08 -0.96906193374484E-08 -0.99328250675636E-08
 -0.10181082852371E-07 -0.10435542755669E-07 -0.10696360612312E-07
 -0.10963696125545E-07 -0.11237709942327E-07 -0.11518569910031E-07
 -0.11806448662283E-07 -0.12101519657507E-07 -0.12403962169571E-07
 -0.12713958354849E-07 -0.13031700666632E-07 -0.13357380426206E-07
 -0.13691195722569E-07 -0.14033351647878E-07 -0.14384052214537E-07
 -0.14743516686061E-07 -0.15111957731458E-07 -0.15489603377273E-07
 -0.15876683248726E-07 -0.16273428691270E-07 -0.16680084929234E-07
 -0.17096899171917E-07 -0.17524122773227E-07 -0.17962017407649E-07
 -0.18410849282447E-07 -0.18870891179881E-07 -0.19342418618783E-07
 -0.19825724219921E-07 -0.20321097590003E-07 -0.20828843793012E-07
 -0.21349267225298E-07 -0.21882686023841E-07 -0.22429428202125E-07
 -0.22989817800380E-07 -0.23564199324924E-07 -0.24152925487391E-07
 -0.24756341862831E-07 -0.25374830582511E-07 -0.26008759348966E-07
 -0.26658513042485E-07 -0.27324485712473E-07 -0.28007081875944E-07
 -0.28706719435656E-07 -0.29423819243305E-07 -0.30158820336807E-07
 -0.30912160281942E-07 -0.31684304320592E-07 -0.32475716759232E-07
 -0.33286881344142E-07 -0.34118290126186E-07 -0.34970442791986E-07
 -0.35843856203997E-07 -0.36739067660270E-07 -0.37656611515350E-07
 -0.38597047826102E-07 -0.39560942311604E-07 -0.40548886704494E-07
 -0.41561471335290E-07 -0.42599317399048E-07 -0.43663037243677E-07
 -0.44753294677392E-07 -0.45870741595324E-07 -0.47016053704126E-07
 -0.48189924217715E-07 -0.49393063257205E-07 -0.50626206015443E-07
 -0.51890082435133E-07 -0.53185463675597E-07 -0.54513149325111E-07
 -0.55873917228966E-07 -0.57268605170002E-07 -0.58698031657589E-07
 -0.60163099333465E-07 -0.61664660316197E-07 -0.63203637129712E-07
 -0.64780949735495E-07 -0.66397549425753E-07 -0.68054426376500E-07
 -0.69752563921518E-07 -0.71492984601238E-07 -0.73276736812566E-07
 -0.75104910368806E-07 -0.76978589782482E-07 -0.78898910154808E-07
 -0.80867026731194E-07 -0.82884122408040E-07 -0.84951401090735E-07
 -0.87070105466742E-07 -0.89241531148720E-07 -0.91466949839008E-07
 -0.93747743951650E-07 -0.96085218041081E-07 -0.98480835794757E-07
 -0.10093596992078E-06 -0.10345213744597E-06 -0.10603084499543E-06
 -0.10867360213331E-06 -0.11138200497701E-06 -0.11415768831264E-06
 -0.11700229276468E-06 -0.11991751597560E-06 -0.12290511173555E-06
 -0.12596686215050E-06 -0.12910455854032E-06 -0.13232009936103E-06
 -0.13561538114135E-06 -0.13899239543646E-06 -0.14245309890797E-06
 -0.14599957621199E-06 -0.14963393245954E-06 -0.15335830328176E-06
 -0.15717490910164E-06 -0.16108600835667E-06 -0.16509391100065E-06
 -0.16920096811223E-06 -0.17340961641340E-06 -0.17772233748839E-06
 -0.18214166861020E-06 -0.18667020812416E-06 -0.19131064961569E-06
 -0.19606565114511E-06 -0.20093803039661E-06 -0.20593064043959E-06
 -0.21104643264854E-06 -0.21628832917845E-06 -0.22165945326710E-06
 -0.22716289933449E-06 -0.23280187092645E-06 -0.23857967550352E-06
 -0.24449963118611E-06 -0.25056519856733E-06 -0.25677982422648E-06
 -0.26314716005636E-06 -0.26967087768768E-06 -0.27635466834643E-06
 -0.28320246817425E-06 -0.29021811147273E-06 -0.29740571094659E-06
 -0.30476931497021E-06 -0.31231312196793E-06 -0.32004149299325E-06
 -0.32795879179918E-06 -0.33606944284534E-06 -0.34437810588001E-06
 -0.35288947114642E-06 -0.36160833994131E-06 -0.37053967765084E-06
 -0.37968837294275E-06 -0.38905961093772E-06 -0.39865862192822E-06
 -0.40849075710552E-06 -0.41856154849633E-06 -0.42887650918929E-06
 -0.43944128028881E-06 -0.45026181390622E-06 -0.46134399485493E-06
 -0.47269390041075E-06 -0.48431779670357E-06 -0.49622188687391E-06
 -0.50841276599438E-06 -0.52089703753299E-06 -0.53368130825964E-06
 -0.54677258383591E-06 -0.56017781309055E-06 -0.57390422092958E-06
 -0.58795910531230E-06 -0.60234979668057E-06 -0.61708407627091E-06
 -0.63216950410696E-06 -0.64761423507756E-06 -0.66342606672187E-06
 -0.67961333670352E-06 -0.69618428354227E-06 -0.71314781296067E-06
 -0.73051210544891E-06 -0.74828638353402E-06 -0.76647941413501E-06
 -0.78510048814892E-06 -0.80415895673368E-06 -0.82366444885454E-06
 -0.84362639630358E-06 -0.86405489203621E-06 -0.88495982660984E-06
 -0.90635126087308E-06 -0.92823967624057E-06 -0.95063573671916E-06
 -0.97355000431596E-06 -0.99699336046139E-06 -0.10209768427870E-05
 -0.10455117999126E-05 -0.10706094856856E-05 -0.10962813303359E-05
 -0.11225394460654E-05 -0.11493953336235E-05 -0.11768611846762E-05
 -0.12049494799201E-05 -0.12336723421945E-05 -0.12630423296706E-05
 -0.12930720081048E-05 -0.13237747554018E-05 -0.13551630604125E-05
 -0.13872503393393E-05 -0.14200496523620E-05 -0.14535749327617E-05
 -0.14878392431942E-05 -0.15228563012022E-05 -0.15586404436464E-05
 -0.15952051000174E-05 -0.16325648431711E-05 -0.16707330611617E-05
 -0.17097247830500E-05 -0.17495541033240E-05 -0.17902351942246E-05
 -0.18317830522872E-05 -0.18742115018562E-05 -0.19175358960034E-05
 -0.19617706489888E-05 -0.20069304456179E-05 -0.20530299873493E-05
 -0.21000837565454E-05 -0.21481067059702E-05 -0.21971135265564E-05
 -0.22471188967611E-05 -0.22981374405382E-05 -0.23501829574198E-05
 -0.24032714606310E-05 -0.24574163508806E-05 -0.25126324468221E-05
 -0.25689329496264E-05 -0.26263334403323E-05 -0.26848463156808E-05
 -0.27444868983652E-05 -0.28052667422256E-05 -0.28672013281133E-05
 -0.29303028629549E-05 -0.29945843887187E-05 -0.30600587279421E-05
 -0.31267384930928E-05 -0.31946365797015E-05 -0.32637646242550E-05
 -0.33341340824146E-05 -0.34057581568054E-05 -0.34786463729715E-05
 -0.35528120307360E-05 -0.36282642377751E-05 -0.37050155137990E-05
 -0.37830762003690E-05 -0.38624565444969E-05 -0.39431672921920E-05
 -0.40252202648593E-05 -0.41086247830034E-05 -0.41933934381323E-05
 -0.42795361174600E-05 -0.43670655832024E-05 -0.44559942175390E-05
 -0.45463329998446E-05 -0.46380979665799E-05 -0.47313032377950E-05
 -0.48259662958724E-05 -0.49221033964430E-05 -0.50197366773212E-05
 -0.51188877807924E-05 -0.52195810937146E-05 -0.53218464268542E-05
 -0.54257163436373E-05 -0.55312260441701E-05 -0.56384199073913E-05
 -0.57473454588916E-05 -0.58580580432436E-05 -0.59706212493583E-05
 -0.60851056804474E-05 -0.62015966371857E-05 -0.63201874412686E-05
 -0.64409881620829E-05 -0.65641246773640E-05 -0.66897354946755E-05
 -0.68179856009901E-05 -0.69490609963377E-05 -0.70831718465270E-05
 -0.72205619351491E-05 -0.73615018374644E-05 -0.75063078589159E-05
 -0.76553387793783E-05 -0.78089917139207E-05 -0.79677352384508E-05
 -0.81320840525954E-05 -0.83026332577375E-05 -0.84800576140155E-05
 -0.86651155525718E-05 -0.88586690172246E-05 -0.90616968144708E-05
 -0.92753108296790E-05 -0.95007572539114E-05 -0.97394569836678E-05
 -0.99930155019084E-05 -0.10263242004935E-04 -0.10552193157248E-04
 -0.10862183206491E-04 -0.11195836529390E-04 -0.11556114100797E-04
 -0.11946359213483E-04 -0.12370356681102E-04 -0.12832365394772E-04
 -0.13337208740177E-04 -0.13890321680261E-04 -0.14497838299717E-04
 -0.15166678642036E-04 -0.15904641012292E-04 -0.16720513644716E-04
 -0.17624185260035E-04 -0.18626788559659E-04 -0.19740839778802E-04
 -0.20980394986977E-04 -0.22361213714767E-04 -0.23900950354666E-04
 -0.25619362664542E-04 -0.27538503709638E-04 -0.29682944387024E-04
 -0.32079987963695E-04 -0.34759930263579E-04 -0.37756241966510E-04
 -0.41105804037421E-04 -0.44849114155409E-04 -0.49030442960662E-04
 -0.53697978177907E-04 -0.58903939944570E-04 -0.64704589073791E-04
 -0.71160248850377E-04 -0.78335210562105E-04 -0.86297594818877E-04
 -0.95119199134134E-04 -0.10487523919801E-03 -0.11564414705826E-03
 -0.12750735970774E-03 -0.14054921406849E-03 -0.15485690737688E-03
 -0.17052071418468E-03 -0.18763436211353E-03 -0.20629574997211E-03
 -0.22660792042779E-03 -0.24868043703079E-03 -0.27263109957584E-03
 -0.29858795163010E-03 -0.32669169191136E-03 -0.35709829873289E-03
 -0.38998197735336E-03 -0.42553828477957E-03 -0.46398748650054E-03
 -0.50557810625764E-03 -0.55059070678862E-03 -0.59934182520294E-03
 -0.65218833805216E-03 -0.70953200586176E-03 -0.77182452508539E-03
 -0.83957314823858E-03 -0.91334673181424E-03 -0.99378269775833E-03
 -0.10815946866521E-02 -0.11775813041201E-02 -0.12826358345163E-02
 -0.13977573179225E-02 -0.15240629814992E-02 -0.16628022494337E-02
 -0.18153725810526E-02 -0.19833371374626E-02 -0.21684447430251E-02
 -0.23726520702448E-02 -0.25981484317533E-02 -0.28473832369809E-02
 -0.31230963277428E-02 -0.34283510665631E-02 -0.37665703531417E-02
 -0.41415751102364E-02 -0.45576248620516E-02 -0.50194594272608E-02
 -0.55323404570480E-02 -0.61020905858821E-02 -0.67351271947339E-02
 -0.74384864749424E-02 -0.82198317648716E-02 -0.90874381888745E-02
 -0.10050143181110E-01 -0.11117249380622E-01 -0.12298363915584E-01
 -0.13603154661319E-01 -0.15041002946389E-01 -0.16620531974721E-01
 -0.18348994872524E-01 -0.20231515853651E-01 -0.22270196768792E-01
 -0.24463129136458E-01 -0.26803389826088E-01 -0.29278142919743E-01
 -0.31868011279062E-01 -0.34546905747789E-01 -0.37282487818645E-01
 -0.40037380073184E-01 -0.42771120558279E-01 -0.45442705453296E-01
 -0.48013412871483E-01 -0.50449504531249E-01 -0.52724400111650E-01
 -0.54820020191883E-01 -0.56727167763449E-01 -0.58445009561206E-01
 -0.59979867136136E-01 -0.61343604292382E-01 -0.62551893436234E-01
 -0.63622587710464E-01 -0.64574342304705E-01 -0.65425549696396E-01
 -0.66193591036143E-01 -0.66894367551232E-01 -0.67542056976929E-01
 -0.68149036936140E-01 -0.68725922382384E-01 -0.69281673533492E-01
 -0.69823741364686E-01 -0.70358226780493E-01 -0.70890037700211E-01
 -0.71423033811112E-01 -0.71960153237511E-01 -0.72503518114389E-01
 -0.73054518033671E-01 -0.73613871209170E-01 -0.74181664171014E-01
 -0.74757370305904E-01 -0.75339848679903E-01 -0.75927323262597E-01
 -0.76517343522269E-01 -0.77106726578678E-01 -0.77691481534540E-01
 -0.78266716107806E-01 -0.78826526374423E-01 -0.79363870636697E-01
 -0.79870428875628E-01 -0.80336451170181E-01 -0.80750599009040E-01
 -0.81099786746248E-01 -0.81369032623900E-01 -0.81541333318045E-01
 -0.81597580109888E-01 -0.81516540658728E-01 -0.81274935838444E-01
 -0.80847646298745E-01 -0.80208087669784E-01 -0.79328792253071E-01
 -0.78182231107907E-01 -0.76741894853444E-01 -0.74983628918653E-01
 -0.72887183544462E-01 -0.70437896147761E-01 -0.67628378274132E-01
 -0.64460041796405E-01 -0.60944281339870E-01 -0.57103143111037E-01
 -0.52969359488200E-01 -0.48585710826714E-01 -0.44003774214383E-01
 -0.39282214634254E-01 -0.34484842543866E-01 -0.29678690460785E-01
 -0.24932342568898E-01 -0.20314695928962E-01 -0.15894248433372E-01
 -0.11738915800638E-01
 (2i12)
         378         161      magnetization potential, harmonic  2
 (3e22.14)
 -0.31291644734287E-15 -0.30975105946301E-15 -0.31022172550604E-15
 -0.41064665913747E-15 -0.36675117079293E-15 -0.47671676081871E-15
 -0.47525563960521E-15 -0.61008636156737E-15 -0.57353684489674E-15
 -0.71219453200368E-15 -0.71657887585451E-15 -0.70967928958267E-15
 -0.88765353953306E-15 -0.93895816842475E-15 -0.10696209680167E-14
 -0.11484555131968E-14 -0.13530192908943E-14 -0.14525663432681E-14
 -0.16142586257801E-14 -0.17641228364367E-14 -0.20046054509294E-14
 -0.22544590404594E-14 -0.25761805572076E-14 -0.26316673336839E-14
 -0.28722891360662E-14 -0.31224450929379E-14 -0.33842436548685E-14
 -0.39187049013338E-14 -0.41205988023121E-14 -0.46036137345460E-14
 -0.51724129737984E-14 -0.56752590393625E-14 -0.62203967451890E-14
 -0.68168748835796E-14 -0.74408396339886E-14 -0.83239479491103E-14
 -0.90711815115502E-14 -0.99055286165389E-14 -0.10903643856963E-13
 -0.12186052173271E-13 -0.13377656348108E-13 -0.14523991895383E-13
 -0.16053124329209E-13 -0.17604567609616E-13 -0.19204173009746E-13
 -0.21221695314933E-13 -0.23284475700839E-13 -0.25367044913381E-13
 -0.27776624561775E-13 -0.30407941586349E-13 -0.33570685933999E-13
 -0.36998866028476E-13 -0.40818860819103E-13 -0.44410125304110E-13
 -0.48732927094794E-13 -0.53744985075102E-13 -0.58127415766172E-13
 -0.64364860086481E-13 -0.70475180057927E-13 -0.76989739222244E-13
 -0.83777486353043E-13 -0.91565066986569E-13 -0.10075383611707E-12
 -0.10949669642606E-12 -0.12003047927738E-12 -0.13106604531670E-12
 -0.14342607313626E-12 -0.15698736121888E-12 -0.17163660296708E-12
 -0.18744985524221E-12 -0.20543203193744E-12 -0.22466860337628E-12
 -0.24444272704402E-12 -0.26741275630506E-12 -0.29202447971949E-12
 -0.31955835597572E-12 -0.34894943747570E-12 -0.38026091841928E-12
 -0.41548077814220E-12 -0.45330594732310E-12 -0.49447637384823E-12
 -0.53996729991610E-12 -0.58843560987379E-12 -0.64172111671436E-12
 -0.70102921064034E-12 -0.76417739494870E-12 -0.83318048663436E-12
 -0.90897254312932E-12 -0.99049529969900E-12 -0.10796207718165E-11
 -0.11773215264292E-11 -0.12842078632554E-11 -0.13987435534115E-11
 -0.15243834541599E-11 -0.16616661385504E-11 -0.18101887593277E-11
 -0.19722289722653E-11 -0.21492697304082E-11 -0.23421878157154E-11
 -0.25513824213831E-11 -0.27795790585631E-11 -0.30271745220468E-11
 -0.32990873953786E-11 -0.35928778466881E-11 -0.39148800130764E-11
 -0.42646642844386E-11 -0.46449740659766E-11 -0.50605231151669E-11
 -0.55139560388212E-11 -0.60067794215559E-11 -0.65437045836404E-11
 -0.71311341651281E-11 -0.77694274815113E-11 -0.84666760879235E-11
 -0.92265800541759E-11 -0.10055614923222E-10 -0.10958329549849E-10
 -0.11946955034262E-10 -0.13023822128346E-10 -0.14200147171774E-10
 -0.15484599423607E-10 -0.16886939250333E-10 -0.18421243454032E-10
 -0.20098377740454E-10 -0.21929607083889E-10 -0.23932192252141E-10
 -0.26124844603414E-10 -0.28525010419924E-10 -0.31149997131574E-10
 -0.34025467004780E-10 -0.37176571241610E-10 -0.40631393708025E-10
 -0.44418415044585E-10 -0.48570766329964E-10 -0.53129113760943E-10
 -0.58131645641836E-10 -0.63629200656591E-10 -0.69667347364391E-10
 -0.76307146143324E-10 -0.83612335827051E-10 -0.91653481531941E-10
 -0.10050477883870E-09 -0.11025805073902E-09 -0.12100972076482E-09
 -0.13286565958753E-09 -0.14595565012987E-09 -0.16040764762438E-09
 -0.17637684475259E-09 -0.19403240520813E-09 -0.21356257203199E-09
 -0.23518586060135E-09 -0.25913765816937E-09 -0.28567825856272E-09
 -0.31511725271948E-09 -0.34779354200770E-09 -0.38407923264102E-09
 -0.42440760519006E-09 -0.46925277531805E-09 -0.51915589221079E-09
 -0.57472120121487E-09 -0.63664225938590E-09 -0.70569216160533E-09
 -0.78273695656558E-09 -0.86876933282042E-09 -0.96489257294309E-09
 -0.10723766309695E-08 -0.11926335293170E-08 -0.13272827787348E-08
 -0.14781433053276E-08 -0.16472851051135E-08 -0.18370558088072E-08
 -0.20501046360418E-08 -0.22894535506463E-08 -0.25585267776929E-08
 -0.28612050217702E-08 -0.32019256541414E-08 -0.35857080465801E-08
 -0.40182744469087E-08 -0.45061352143664E-08 -0.50567222863669E-08
 -0.56784712203166E-08 -0.63810332295776E-08 -0.71753858974862E-08
 -0.80740882504476E-08 -0.90914492392559E-08 -0.10243839467213E-07
 -0.11549945840292E-07 -0.13031145200155E-07 -0.14711891237809E-07
 -0.16620160136249E-07 -0.18788007741261E-07 -0.21252124723937E-07
 -0.24054565230846E-07 -0.27243560151468E-07 -0.30874433221664E-07
 -0.35010651575872E-07 -0.39725083375814E-07 -0.45101454416361E-07
 -0.51235931298854E-07 -0.58239091693302E-07 -0.66238079004331E-07
 -0.75379204074646E-07 -0.85830854196270E-07 -0.97786901610449E-07
 -0.11147067906014E-06 -0.12713950384805E-06 -0.14509000457586E-06
 -0.16566420150093E-06 -0.18925656097836E-06 -0.21632224706728E-06
 -0.24738648614012E-06 -0.28305556971123E-06 -0.32402944777010E-06
 -0.37111638793333E-06 -0.42524976808115E-06 -0.48750750349031E-06
 -0.55913449249494E-06 -0.64156831332673E-06 -0.73646888033938E-06
 -0.84575233496722E-06 -0.97162997189680E-06 -0.11166525909504E-05
 -0.12837610455200E-05 -0.14763437365406E-05 -0.16983014310104E-05
 -0.19541205451432E-05 -0.22489551174764E-05 -0.25887183086618E-05
 -0.29801836479939E-05 -0.34310965018358E-05 -0.39502954000002E-05
 -0.45478431409749E-05 -0.52351664942116E-05 -0.60252032609230E-05
 -0.69325546291633E-05 -0.79736398512044E-05 -0.91668500089429E-05
 -0.10532696544825E-04 -0.12093950126967E-04 -0.13875764716967E-04
 -0.15905782585213E-04 -0.18214216228370E-04 -0.20833905119324E-04
 -0.23800347180966E-04 -0.27151708657885E-04 -0.30928819073237E-04
 -0.35175163317225E-04 -0.39936886346460E-04 -0.45262830498807E-04
 -0.51204628337602E-04 -0.57816874595346E-04 -0.65157401210166E-04
 -0.73287676144144E-04 -0.82273342784996E-04 -0.92184911445299E-04
 -0.10309860843749E-03 -0.11509738307746E-03 -0.12827206939039E-03
 -0.14272269658135E-03 -0.15855994332669E-03 -0.17590673264943E-03
 -0.19489996920888E-03 -0.21569242525042E-03 -0.23845478939590E-03
 -0.26337789816701E-03 -0.29067517775600E-03 -0.32058532926348E-03
 -0.35337529816435E-03 -0.38934357324686E-03 -0.42882386725119E-03
 -0.47218923612886E-03 -0.51985670038646E-03 -0.57229243709228E-03
 -0.63001761769803E-03 -0.69361497282435E-03 -0.76373617046591E-03
 -0.84111009983309E-03 -0.92655215730584E-03 -0.10209746309800E-02
 -0.11253982787031E-02 -0.12409651886485E-02 -0.13689529867841E-02
 -0.15107904336335E-02 -0.16680743982086E-02 -0.18425881238309E-02
 -0.20363205841810E-02 -0.22514865756939E-02 -0.24905469544751E-02
 -0.27562281206801E-02 -0.30515394147575E-02 -0.33797865333573E-02
 -0.37445783154812E-02 -0.41498233146175E-02 -0.45997114151850E-02
 -0.50986743776488E-02 -0.56513177230567E-02 -0.62623148760774E-02
 -0.69362533621219E-02 -0.76774225262387E-02 -0.84895335116735E-02
 -0.93753660822090E-02 -0.10336344506100E-01 -0.11372057177170E-01
 -0.12479752400105E-01 -0.13653864778337E-01 -0.14885649337296E-01
 -0.16163017474485E-01 -0.17470670714701E-01 -0.18790605717316E-01
 -0.20103012099468E-01 -0.21387508087423E-01 -0.22624575155311E-01
 -0.23796988898480E-01 -0.24891024713949E-01 -0.25897256224482E-01
 -0.26810850718735E-01 -0.27631371269799E-01 -0.28362185195886E-01
 -0.29009629823788E-01 -0.29582093248009E-01 -0.30089139926416E-01
 -0.30540766304687E-01 -0.30946825998866E-01 -0.31316628157028E-01
 -0.31658689614589E-01 -0.31980610428490E-01 -0.32289040322250E-01
 -0.32589706588488E-01 -0.32887479392443E-01 -0.33186456419740E-01
 -0.33490054074334E-01 -0.33801096846518E-01 -0.34121899630693E-01
 -0.34454340190126E-01 -0.34799920355182E-01 -0.35159815667517E-01
 -0.35534913460818E-01 -0.35925839901033E-01 -0.36332976265717E-01
 -0.36756464878492E-01 -0.37196204839478E-01 -0.37651837547192E-01
 -0.38122721784840E-01 -0.38607897931201E-01 -0.39106040602554E-01
 -0.39615399024264E-01 -0.40133724181438E-01 -0.40658181992048E-01
 -0.41185251865349E-01 -0.41710610654513E-01 -0.42229002769906E-01
 -0.42734098803548E-01 -0.43218347036076E-01 -0.43672825271653E-01
 -0.44087104330957E-01 -0.44449139401083E-01 -0.44745210863410E-01
 -0.44959941686079E-01 -0.45076422308490E-01 -0.45076474873010E-01
 -0.44941083341163E-01 -0.44651002850783E-01 -0.44187538135426E-01
 -0.43533448044340E-01 -0.42673894937793E-01 -0.41597322565073E-01
 -0.40296124509368E-01 -0.38766968876509E-01 -0.37010678262517E-01
 -0.35031623925987E-01 -0.32836666399031E-01 -0.30433742343333E-01
 -0.27830242746323E-01 -0.25031342237627E-01 -0.22038424869866E-01
 -0.18847720666753E-01 -0.15449232172285E-01 -0.11826004615573E-01
 (2i12)
         193         346      magnetization potential, harmonic  3
 (3e22.14)
  0.11441318630193E-14 -0.11754274224609E-14 -0.13782648820614E-14
  0.33065745992479E-15 -0.53968602472785E-14 -0.31555032474053E-14
 -0.27438155788903E-14 -0.27111680057333E-14 -0.26567998296049E-14
 -0.64513612478385E-14  0.71656713797373E-15  0.47241410307698E-14
 -0.14209353984109E-14 -0.15055910142469E-15 -0.72549661936322E-14
 -0.35807189341317E-14 -0.33017180394575E-14 -0.40664064135224E-14
 -0.96145189894894E-14 -0.10120532230024E-13 -0.11327445152206E-13
 -0.11513726089550E-13 -0.17076265229253E-13 -0.18968463823070E-13
 -0.26929430069424E-13 -0.36892550483141E-13 -0.36616795270793E-13
 -0.46971749239155E-13 -0.66697221831713E-13 -0.84683231698921E-13
 -0.11207336382028E-12 -0.13057644398731E-12 -0.16647192759301E-12
 -0.21170988423705E-12 -0.26567414917832E-12 -0.34640917156985E-12
 -0.44390647844549E-12 -0.57760435956025E-12 -0.72159445843609E-12
 -0.93081213087227E-12 -0.11976420725221E-11 -0.15324811898806E-11
 -0.19910710702464E-11 -0.25790986373969E-11 -0.33285424502954E-11
 -0.43207519960582E-11 -0.56116216159070E-11 -0.72907202351931E-11
 -0.94905185853227E-11 -0.12366629293981E-10 -0.16082558108939E-10
 -0.20947315975456E-10 -0.27262579372347E-10 -0.35472400778466E-10
 -0.46104422802391E-10 -0.59859594713852E-10 -0.77587161879272E-10
 -0.10036382808398E-09 -0.12954774532602E-09 -0.16675050757512E-09
 -0.21402909330788E-09 -0.27383569726285E-09 -0.34911573667982E-09
 -0.44343730665669E-09 -0.56104293352390E-09 -0.70693435910163E-09
 -0.88707534875595E-09 -0.11084040278238E-08 -0.13790815230882E-08
 -0.17087240129075E-08 -0.21085190354126E-08 -0.25916480007971E-08
 -0.31735430759077E-08 -0.38724007221719E-08 -0.47097253032273E-08
 -0.57109925970275E-08 -0.69064948098044E-08 -0.83322904349552E-08
 -0.10031611754400E-07 -0.12056217132890E-07 -0.14468363588918E-07
 -0.17343183166688E-07 -0.20771416400628E-07 -0.24862917193482E-07
 -0.29751099353793E-07 -0.35598185746602E-07 -0.42601948237085E-07
 -0.51003890285809E-07 -0.61099720658898E-07 -0.73251953918967E-07
 -0.87906354145481E-07 -0.10561187824257E-06 -0.12704616899825E-06
 -0.15304738148937E-06 -0.18465455070150E-06 -0.22315810379032E-06
 -0.27016429056016E-06 -0.32767600808837E-06 -0.39819555907869E-06
 -0.48485462287976E-06 -0.59157842759400E-06 -0.72329334193326E-06
 -0.88618905833809E-06 -0.10880475457302E-05 -0.13386553537920E-05
 -0.16503160595745E-05 -0.20384823366912E-05 -0.25225252567492E-05
 -0.31266564201692E-05 -0.38810064516651E-05 -0.48228465736025E-05
 -0.59979039786660E-05 -0.74616691708749E-05 -0.92805111848703E-05
 -0.11532305131390E-04 -0.14306136287934E-04 -0.17700494771833E-04
 -0.21819256496032E-04 -0.26764739137940E-04 -0.32627332802687E-04
 -0.39471758047871E-04 -0.47320960626101E-04 -0.56139925125907E-04
 -0.65822940234453E-04 -0.76188489871375E-04 -0.86985337750631E-04
 -0.97911207669270E-04 -0.10864214210085E-03 -0.11886730864144E-03
 -0.12832214854308E-03 -0.13681321195671E-03 -0.14423060584060E-03
 -0.15054751892485E-03 -0.15580936012558E-03 -0.16011670754789E-03
 -0.16360637615172E-03 -0.16643394065883E-03 -0.16875966103950E-03
 -0.17073848608460E-03 -0.17251391463466E-03 -0.17421502147854E-03
 -0.17595580636695E-03 -0.17783608023789E-03 -0.17994325429999E-03
 -0.18235457014485E-03 -0.18513946304244E-03 -0.18836187464642E-03
 -0.19208241784057E-03 -0.19636035554339E-03 -0.20125539026051E-03
 -0.20682928099311E-03 -0.21314731135687E-03 -0.22027963473052E-03
 -0.22830251720842E-03 -0.23729949242497E-03 -0.24736243254116E-03
 -0.25859252765301E-03 -0.27110115125217E-03 -0.28501057375654E-03
 -0.30045446674017E-03 -0.31757812046009E-03 -0.33653827744641E-03
 -0.35750246705378E-03 -0.38064771778923E-03 -0.40615853371129E-03
 -0.43422406262532E-03 -0.46503448084824E-03 -0.49877679831097E-03
 -0.53563058928126E-03 -0.57576461986342E-03 -0.61933601225228E-03
 -0.66649447793790E-03 -0.71739524227749E-03 -0.77222545626585E-03
 -0.83124992675192E-03 -0.89488252218035E-03 -0.96378917429707E-03
 -0.10390265582104E-02 -0.11222171228772E-02 -0.12157565130823E-02
 -0.13230446446949E-02 -0.14487284621805E-02 -0.15989444847005E-02
 -0.17815536481773E-02 -0.20063691889209E-02 -0.22853880855429E-02
 -0.26330446377424E-02 -0.30665078568392E-02 -0.36060406018672E-02
 -0.42754273975159E-02 -0.51024604554875E-02 -0.61194507925314E-02
 -0.73637048562044E-02
 (2i12)
         184         355      magnetization potential, harmonic  4
 (3e22.14)
 -0.36193803313274E-14  0.57092669946476E-15 -0.27219318021909E-14
 -0.65801412820198E-15 -0.12642182129625E-14  0.61849541448953E-14
  0.13090427090519E-14 -0.22422030532994E-14  0.28667802020010E-14
 -0.11113782566307E-13 -0.99326767507271E-14 -0.10265894501523E-15
 -0.12274069720698E-14 -0.38679913452687E-14 -0.90483765036783E-14
 -0.23824975260628E-13 -0.21158627025398E-13 -0.16115230134448E-13
 -0.28746944127024E-13 -0.37563375658457E-13 -0.40473466319295E-13
 -0.70176347313344E-13 -0.85042843433205E-13 -0.99688611080874E-13
 -0.14420373268040E-12 -0.18464281231078E-12 -0.24128576204469E-12
 -0.31531995794058E-12 -0.41718178848933E-12 -0.55642049859251E-12
 -0.72921901683417E-12 -0.94477946313650E-12 -0.12604754621450E-11
 -0.16383457693523E-11 -0.21793129562080E-11 -0.28585577498857E-11
 -0.37914794936501E-11 -0.50054981510260E-11 -0.66016586708809E-11
 -0.87220635888145E-11 -0.11472351657833E-10 -0.15138747399681E-10
 -0.19912105219423E-10 -0.26201350564659E-10 -0.34406538685161E-10
 -0.45115374698689E-10 -0.59025830660353E-10 -0.77074085914671E-10
 -0.10035654449272E-09 -0.13031175463025E-09 -0.16868242027525E-09
 -0.21759004887675E-09 -0.27965572229318E-09 -0.35800700270456E-09
 -0.45642944307837E-09 -0.57944408922641E-09 -0.73237480534297E-09
 -0.92151756879118E-09 -0.11543093045335E-08 -0.14394552328590E-08
 -0.17871523194936E-08 -0.22093615158051E-08 -0.27201080970756E-08
 -0.33358461772023E-08 -0.40760283332967E-08 -0.49635874201595E-08
 -0.60256975333543E-08 -0.72947269932950E-08 -0.88092062467504E-08
 -0.10615350999181E-07 -0.12768538360755E-07 -0.15335410927758E-07
 -0.18396386257935E-07 -0.22048725027872E-07 -0.26410246809161E-07
 -0.31624059843083E-07 -0.37864358759681E-07 -0.45343650246761E-07
 -0.54321551307578E-07 -0.65116182676531E-07 -0.78117969526453E-07
 -0.93807122056526E-07 -0.11277562581998E-06 -0.13575465547975E-06
 -0.16364946950802E-06 -0.19758291406894E-06 -0.23895097970583E-06
 -0.28949243430406E-06 -0.35137753254564E-06 -0.42731996878010E-06
 -0.52071902248676E-06 -0.63583945914556E-06 -0.77803906042496E-06
 -0.95405639446034E-06 -0.11723727341875E-05 -0.14436660977320E-05
 -0.17813770175519E-05 -0.22024075387551E-05 -0.27279746000899E-05
 -0.33846356828336E-05 -0.42054932284341E-05 -0.52315648639094E-05
 -0.65132690316952E-05 -0.81119160484198E-05 -0.10101005196014E-04
 -0.12567002334758E-04 -0.15609114788889E-04 -0.19337406845756E-04
 -0.23868458181832E-04 -0.29317744091323E-04 -0.35788136948156E-04
 -0.43354529172510E-04 -0.52045646007153E-04 -0.61825560333847E-04
 -0.72578873468863E-04 -0.84104322955172E-04 -0.96120975146239E-04
 -0.10828876843308E-03 -0.12024141005427E-03 -0.13162579599911E-03
 -0.14213987593995E-03 -0.15156128837621E-03 -0.15976197526914E-03
 -0.16670802803254E-03 -0.17244757556134E-03 -0.17709148183550E-03
 -0.18079179119726E-03 -0.18372176652119E-03 -0.18605977675530E-03
 -0.18797782476671E-03 -0.18963447465469E-03 -0.19117138619636E-03
 -0.19271249251554E-03 -0.19436492094665E-03 -0.19622092785914E-03
 -0.19836031635536E-03 -0.20085298454851E-03 -0.20376139011055E-03
 -0.20714281801472E-03 -0.21105140429226E-03 -0.21553990756531E-03
 -0.22066124263919E-03 -0.22646979666168E-03 -0.23302255044740E-03
 -0.24038002008541E-03 -0.24860702496600E-03 -0.25777327562491E-03
 -0.26795375861483E-03 -0.27922887732970E-03 -0.29168428557225E-03
 -0.30541032352699E-03 -0.32050093838545E-03 -0.33705193634918E-03
 -0.35515838135987E-03 -0.37491092312745E-03 -0.39639081796841E-03
 -0.41966340831905E-03 -0.44476986932024E-03 -0.47171714637261E-03
 -0.50046621947720E-03 -0.53091919337445E-03 -0.56290625408530E-03
 -0.59617427889820E-03 -0.63037981901594E-03 -0.66509017681935E-03
 -0.69979716750909E-03 -0.73394851591505E-03 -0.76700125165490E-03
 -0.79849950314906E-03 -0.82817560753228E-03 -0.85606885780409E-03
 -0.88265165501780E-03 -0.90895005939901E-03 -0.93664651009325E-03
 -0.96815765334792E-03 -0.10066890027930E-02 -0.10562780905171E-02
 -0.11218456229417E-02 -0.12092773611719E-02 -0.13255571474076E-02
 -0.14789646765627E-02 -0.16793421638188E-02 -0.19384236380719E-02
 -0.22702097529924E-02
 (i8)
     148             scalar potential
 (2e22.14, 3i8)
 -0.97892280350997E+00  0.00000000000000E+00       0       0       0
 -0.50949634258006E+00  0.00000000000000E+00       0       0       1
 -0.24872256305554E+00  0.00000000000000E+00      -1       1       1
 -0.14620842522546E+00  0.00000000000000E+00      -1       0       2
 -0.94591808490397E-01  0.00000000000000E+00       0       0       2
 -0.65476132043786E-01  0.00000000000000E+00      -1       1       2
 -0.45936798305982E-01  0.00000000000000E+00      -1      -1       3
 -0.33860819502422E-01  0.00000000000000E+00      -1       0       3
 -0.26305895983183E-01  0.00000000000000E+00      -2       2       2
 -0.19734020537079E-01  0.00000000000000E+00      -2       1       3
 -0.19170463385330E-01  0.00000000000000E+00       0       0       3
 -0.14988343117422E-01  0.00000000000000E+00      -1       1       3
 -0.11015451188165E-01  0.00000000000000E+00      -1      -1       4
 -0.86947781560637E-02  0.00000000000000E+00      -2       0       4
 -0.67670813496823E-02  0.00000000000000E+00      -1       0       4
 -0.73685749259984E-02  0.00000000000000E+00      -2       2       3
 -0.43211432927550E-02  0.00000000000000E+00      -2       1       4
 -0.32165810078551E-02  0.00000000000000E+00       0       0       4
 -0.23368949081322E-02  0.00000000000000E+00      -2      -1       5
 -0.25932608627848E-02  0.00000000000000E+00      -1       1       4
 -0.23400886347955E-02  0.00000000000000E+00      -3       3       3
 -0.18631858297934E-02  0.00000000000000E+00      -1      -1       5
 -0.17874618585426E-02  0.00000000000000E+00      -3       2       4
 -0.15050330234609E-02  0.00000000000000E+00      -2       0       5
 -0.13752264216705E-02  0.00000000000000E+00      -2       2       4
 -0.94802197901206E-03  0.00000000000000E+00      -1       0       5
 -0.80222662819708E-03  0.00000000000000E+00      -3       1       5
 -0.63159125276470E-03  0.00000000000000E+00      -2       1       5
 -0.38646447050022E-03  0.00000000000000E+00      -2      -2       6
 -0.31568120058592E-03  0.00000000000000E+00      -2      -1       6
 -0.49679861547177E-03  0.00000000000000E+00      -3       3       4
 -0.37839503629597E-03  0.00000000000000E+00       0       0       5
 -0.30857134717649E-03  0.00000000000000E+00      -1       1       5
 -0.20967946458087E-03  0.00000000000000E+00      -3       0       6
 -0.21012638785196E-03  0.00000000000000E+00      -1      -1       6
 -0.28695681753131E-03  0.00000000000000E+00      -3       2       5
 -0.17022392270687E-03  0.00000000000000E+00      -2       0       6
 -0.16961746080939E-03  0.00000000000000E+00      -2       2       5
 -0.91056036566295E-04  0.00000000000000E+00      -3       1       6
 -0.88143954055955E-04  0.00000000000000E+00      -1       0       6
 -0.11353644098702E-03  0.00000000000000E+00      -4       4       4
 -0.55947973902868E-04  0.00000000000000E+00      -2       1       6
 -0.35031269982445E-04  0.00000000000000E+00      -2      -2       7
 -0.82605296111205E-04  0.00000000000000E+00      -4       3       5
 -0.60254469726066E-04  0.00000000000000E+00      -3       3       5
 -0.28004490566707E-04  0.00000000000000E+00      -3      -1       7
 -0.23250223857819E-04  0.00000000000000E+00      -2      -1       7
 -0.30275159682194E-04  0.00000000000000E+00      -4       2       6
 -0.25642699449545E-04  0.00000000000000E+00       0       0       6
 -0.13900587452000E-04  0.00000000000000E+00      -3       0       7
 -0.22406089327930E-04  0.00000000000000E+00      -3       2       6
 -0.19500333088433E-04  0.00000000000000E+00      -1       1       6
 -0.12248786885708E-04  0.00000000000000E+00      -1      -1       7
 -0.90698237781645E-05  0.00000000000000E+00      -2       0       7
 -0.86757421811765E-05  0.00000000000000E+00      -2       2       6
 -0.47920367337052E-05  0.00000000000000E+00      -4       1       7
 -0.10506812256338E-04  0.00000000000000E+00      -4       4       5
 -0.36814671899102E-05  0.00000000000000E+00      -3       1       7
 -0.46656257448630E-05  0.00000000000000E+00      -4       3       6
 -0.93455150444409E-06  0.00000000000000E+00      -3      -2       8
 -0.30834780628933E-05  0.00000000000000E+00      -1       0       7
 -0.70183568383657E-06  0.00000000000000E+00      -2      -2       8
 -0.19898513598554E-05  0.00000000000000E+00      -3       3       6
 -0.40253180705970E-06  0.00000000000000E+00      -3      -1       8
 -0.13885014579880E-05  0.00000000000000E+00      -2       1       7
 -0.20818823281012E-06  0.00000000000000E+00      -2      -1       8
 -0.60849167900925E-06  0.00000000000000E+00      -4       2       7
 -0.55328227464591E-07  0.00000000000000E+00      -4       0       8
 -0.26429179270753E-08  0.00000000000000E+00      -3       0       8
 -0.93125075762296E-07  0.00000000000000E+00       0       0       7
 -0.12122592706338E-06  0.00000000000000E+00      -3       2       7
  0.38602730385663E-07  0.00000000000000E+00      -1       1       7
 -0.22632232121191E-06  0.00000000000000E+00      -5       5       5
  0.10720341092091E-06  0.00000000000000E+00      -1      -1       8
  0.87653485168981E-08  0.00000000000000E+00      -5       4       6
  0.12195213174908E-06  0.00000000000000E+00      -2       0       8
  0.13634813906846E-06  0.00000000000000E+00      -4       4       6
  0.56828930984853E-07  0.00000000000000E+00      -4       1       8
  0.16745598392725E-06  0.00000000000000E+00      -2       2       7
 -0.21408439146653E-07  0.00000000000000E+00      -3      -3       9
  0.25084874380343E-06  0.00000000000000E+00      -5       3       7
 -0.30637990650642E-07  0.00000000000000E+00      -3      -2       9
  0.97556981003559E-07  0.00000000000000E+00      -3       1       8
  0.22344094795688E-06  0.00000000000000E+00      -4       3       7
 -0.43166045062060E-07  0.00000000000000E+00      -4      -1       9
  0.39289503486653E-08  0.00000000000000E+00      -2      -2       9
  0.14249775617664E-06  0.00000000000000E+00      -1       0       8
 -0.10622546567942E-07  0.00000000000000E+00      -3      -1       9
  0.13109806564193E-06  0.00000000000000E+00      -3       3       7
  0.76961904367020E-07  0.00000000000000E+00      -2       1       8
  0.74933720843253E-07  0.00000000000000E+00      -5       2       8
  0.53384327809210E-07  0.00000000000000E+00      -4       2       8
 -0.16022835704174E-07  0.00000000000000E+00      -4       0       9
  0.16878184074165E-07  0.00000000000000E+00      -2      -1       9
  0.22117329809149E-06  0.00000000000000E+00      -5       5       6
 -0.16732268013562E-08  0.00000000000000E+00      -3       0       9
  0.93746307624660E-07  0.00000000000000E+00      -5       4       7
  0.16944570992322E-07  0.00000000000000E+00      -3       2       8
  0.29217215234198E-07  0.00000000000000E+00       0       0       8
  0.14971236892745E-07  0.00000000000000E+00      -1       1       8
  0.28604541745275E-07  0.00000000000000E+00      -4       4       7
 -0.73419306973383E-08  0.00000000000000E+00      -5       1       9
  0.74625367616708E-09  0.00000000000000E+00      -1      -1       9
 -0.17687244816015E-08  0.00000000000000E+00      -4       1       9
 -0.35868739882878E-08  0.00000000000000E+00      -2       0       9
  0.49215298965299E-08  0.00000000000000E+00      -5       3       8
 -0.27944919370860E-08  0.00000000000000E+00      -2       2       8
 -0.70182393616232E-08  0.00000000000000E+00      -4       3       8
 -0.36561012821274E-08  0.00000000000000E+00      -3       1       9
 -0.13743680925690E-07  0.00000000000000E+00      -6       6       6
 -0.28144272698159E-08  0.00000000000000E+00      -5       2       9
 -0.75386414595929E-08  0.00000000000000E+00      -1       0       9
 -0.59901478184142E-08  0.00000000000000E+00      -3       3       8
 -0.25738159064752E-07  0.00000000000000E+00      -6       5       7
 -0.26761177904802E-07  0.00000000000000E+00      -5       5       7
 -0.35130214138598E-08  0.00000000000000E+00      -2       1       9
  0.13114548414877E-08  0.00000000000000E+00      -4       2       9
 -0.15282733812107E-07  0.00000000000000E+00      -6       4       8
 -0.12547782184418E-07  0.00000000000000E+00      -5       4       8
  0.40522235863356E-09  0.00000000000000E+00      -3       2       9
 -0.42481860225802E-08  0.00000000000000E+00      -4       4       8
 -0.21759982438718E-08  0.00000000000000E+00      -6       3       9
 -0.32899093240382E-08  0.00000000000000E+00       0       0       9
 -0.17160130845247E-08  0.00000000000000E+00      -1       1       9
  0.55076170014711E-10  0.00000000000000E+00      -5       3       9
  0.48812771025712E-09  0.00000000000000E+00      -4       3       9
  0.92916218504387E-10  0.00000000000000E+00      -2       2       9
 -0.45584355600001E-08  0.00000000000000E+00      -6       6       7
  0.26842240367307E-09  0.00000000000000E+00      -6       5       8
  0.20013944007962E-08  0.00000000000000E+00      -5       5       8
 -0.60962674916170E-10  0.00000000000000E+00      -3       3       9
  0.14825501847917E-08  0.00000000000000E+00      -6       4       9
  0.13649375272544E-08  0.00000000000000E+00      -5       4       9
  0.40717472639810E-09  0.00000000000000E+00      -4       4       9
  0.40855828134768E-08  0.00000000000000E+00      -7       7       7
  0.34996377802965E-08  0.00000000000000E+00      -7       6       8
  0.28417199111892E-08  0.00000000000000E+00      -6       6       8
  0.15098010668661E-08  0.00000000000000E+00      -7       5       9
  0.11423337867088E-08  0.00000000000000E+00      -6       5       9
  0.44925013707446E-09  0.00000000000000E+00      -5       5       9
 -0.85977801182194E-09  0.00000000000000E+00      -7       7       8
 -0.84611863093106E-09  0.00000000000000E+00      -7       6       9
 -0.68145524387116E-09  0.00000000000000E+00      -6       6       9
 -0.31578590594021E-09  0.00000000000000E+00      -8       8       8
 -0.25014689880483E-09  0.00000000000000E+00      -8       7       9
 -0.21390421073323E-09  0.00000000000000E+00      -7       7       9
  0.29456129398430E-09  0.00000000000000E+00      -8       8       9
 -0.51439405304036E-12  0.00000000000000E+00      -9       9       9
 (2e22.14)
 -0.12836683230083E-01  0.00000000000000E+00 magnetization potential
 -0.31070054768798E-02  0.00000000000000E+00
  0.25824405144767E-03  0.00000000000000E+00
  0.20290024517430E-02  0.00000000000000E+00
  0.11684272109187E-02  0.00000000000000E+00
 -0.28512611771645E-03  0.00000000000000E+00
  0.40750231194826E-03  0.00000000000000E+00
 -0.76146199330540E-04  0.00000000000000E+00
 -0.53106995015306E-03  0.00000000000000E+00
 -0.27264318260376E-03  0.00000000000000E+00
 -0.15460659742434E-03  0.00000000000000E+00
 -0.15716983781210E-03  0.00000000000000E+00
 -0.63891053256942E-04  0.00000000000000E+00
 -0.46083978470839E-04  0.00000000000000E+00
 -0.25599271948530E-04  0.00000000000000E+00
 -0.16310887582204E-04  0.00000000000000E+00
  0.18846410189317E-04  0.00000000000000E+00
  0.10949448057816E-04  0.00000000000000E+00
  0.81703712620931E-05  0.00000000000000E+00
  0.19125672364990E-04  0.00000000000000E+00
  0.23724191687576E-04  0.00000000000000E+00
  0.10802214767558E-04  0.00000000000000E+00
  0.16745463530597E-04  0.00000000000000E+00
  0.11863281521564E-04  0.00000000000000E+00
  0.10352241579727E-04  0.00000000000000E+00
  0.61557009097206E-05  0.00000000000000E+00
  0.18584159141903E-05  0.00000000000000E+00
 -0.67761772110231E-06  0.00000000000000E+00
  0.77779866181827E-06  0.00000000000000E+00
 -0.75359336246649E-06  0.00000000000000E+00
 -0.75702875204505E-05  0.00000000000000E+00
 -0.14801097237774E-05  0.00000000000000E+00
 -0.32722461922649E-05  0.00000000000000E+00
 -0.30264041178354E-05  0.00000000000000E+00
 -0.21845568711258E-05  0.00000000000000E+00
 -0.59078879726098E-05  0.00000000000000E+00
 -0.28866494562312E-05  0.00000000000000E+00
 -0.38387834364415E-05  0.00000000000000E+00
 -0.20183370727206E-05  0.00000000000000E+00
 -0.15725885756635E-05  0.00000000000000E+00
 -0.89921073525751E-06  0.00000000000000E+00
 -0.70512691417597E-06  0.00000000000000E+00
 -0.40601009698995E-06  0.00000000000000E+00
 -0.84950554844003E-07  0.00000000000000E+00
  0.42127138987149E-06  0.00000000000000E+00
 -0.15383013055845E-06  0.00000000000000E+00
  0.62895871213557E-07  0.00000000000000E+00
  0.97471597158655E-06  0.00000000000000E+00
  0.28394305639687E-06  0.00000000000000E+00
  0.40763372648895E-06  0.00000000000000E+00
  0.10156232448780E-05  0.00000000000000E+00
  0.52457963009600E-06  0.00000000000000E+00
  0.33082693040618E-06  0.00000000000000E+00
  0.41303376818437E-06  0.00000000000000E+00
  0.84338344335725E-06  0.00000000000000E+00
  0.51667236352079E-06  0.00000000000000E+00
  0.11074500817899E-05  0.00000000000000E+00
  0.40499997439212E-06  0.00000000000000E+00
  0.61129721600359E-06  0.00000000000000E+00
  0.18358520997853E-06  0.00000000000000E+00
  0.25223456903527E-06  0.00000000000000E+00
  0.14654715527965E-06  0.00000000000000E+00
  0.25182322636724E-06  0.00000000000000E+00
  0.11054201535097E-06  0.00000000000000E+00
  0.16878172425351E-06  0.00000000000000E+00
  0.32544779567113E-07  0.00000000000000E+00
 -0.10592641909887E-07  0.00000000000000E+00
 -0.20089940949167E-07  0.00000000000000E+00
 -0.37654933589082E-07  0.00000000000000E+00
 -0.15226386904757E-07  0.00000000000000E+00
 -0.81902098593696E-07  0.00000000000000E+00
 -0.38074848439757E-07  0.00000000000000E+00
 -0.39583216513767E-06  0.00000000000000E+00
 -0.61003602693316E-07  0.00000000000000E+00
 -0.37468727613753E-06  0.00000000000000E+00
 -0.77469672511164E-07  0.00000000000000E+00
 -0.33789609699145E-06  0.00000000000000E+00
 -0.11993632521059E-06  0.00000000000000E+00
 -0.95638767631736E-07  0.00000000000000E+00
 -0.65194636462268E-07  0.00000000000000E+00
 -0.18743330736516E-06  0.00000000000000E+00
 -0.66549172334823E-07  0.00000000000000E+00
 -0.98313796512657E-07  0.00000000000000E+00
 -0.16733646357834E-06  0.00000000000000E+00
 -0.55851308337514E-07  0.00000000000000E+00
 -0.52907692588544E-07  0.00000000000000E+00
 -0.49025856504131E-07  0.00000000000000E+00
 -0.45580486116371E-07  0.00000000000000E+00
 -0.80102191826813E-07  0.00000000000000E+00
 -0.43001590010770E-07  0.00000000000000E+00
 -0.56157280019985E-07  0.00000000000000E+00
 -0.41937790380395E-07  0.00000000000000E+00
 -0.16715651663787E-07  0.00000000000000E+00
 -0.19691695961183E-07  0.00000000000000E+00
 -0.87000972927190E-08  0.00000000000000E+00
 -0.34310556449838E-08  0.00000000000000E+00
  0.13581894194961E-07  0.00000000000000E+00
 -0.10715122551886E-07  0.00000000000000E+00
 -0.29315798901369E-08  0.00000000000000E+00
  0.12321063305330E-08  0.00000000000000E+00
  0.21722408837545E-07  0.00000000000000E+00
  0.17658612910690E-07  0.00000000000000E+00
  0.49375709334428E-08  0.00000000000000E+00
  0.21208766776892E-07  0.00000000000000E+00
  0.82490613079301E-08  0.00000000000000E+00
  0.34622338928134E-07  0.00000000000000E+00
  0.13205992732295E-07  0.00000000000000E+00
  0.28093393547431E-07  0.00000000000000E+00
  0.16042868095968E-07  0.00000000000000E+00
  0.58122877867192E-07  0.00000000000000E+00
  0.21766868314941E-07  0.00000000000000E+00
  0.11008673133687E-07  0.00000000000000E+00
  0.19807398097354E-07  0.00000000000000E+00
  0.39762832336249E-07  0.00000000000000E+00
  0.29033682624275E-07  0.00000000000000E+00
  0.10126575045432E-07  0.00000000000000E+00
  0.15950431308389E-07  0.00000000000000E+00
  0.19609147972875E-07  0.00000000000000E+00
  0.14328080119991E-07  0.00000000000000E+00
  0.55683225799186E-08  0.00000000000000E+00
  0.45706219363675E-08  0.00000000000000E+00
  0.44907909922812E-09  0.00000000000000E+00
  0.15132990574019E-08  0.00000000000000E+00
  0.59934763254532E-09  0.00000000000000E+00
  0.10618154237811E-09  0.00000000000000E+00
 -0.32174153894741E-08  0.00000000000000E+00
 -0.18400935771175E-08  0.00000000000000E+00
 -0.97488774074253E-08  0.00000000000000E+00
 -0.95427005195575E-08  0.00000000000000E+00
 -0.83557806476395E-08  0.00000000000000E+00
 -0.41895742542088E-08  0.00000000000000E+00
 -0.74925855234402E-08  0.00000000000000E+00
 -0.55873665403802E-08  0.00000000000000E+00
 -0.28067448371010E-08  0.00000000000000E+00
 -0.33508281268227E-08  0.00000000000000E+00
 -0.21786366979091E-08  0.00000000000000E+00
 -0.12430659609959E-08  0.00000000000000E+00
 -0.53195575524586E-10  0.00000000000000E+00
  0.44241513274741E-09  0.00000000000000E+00
  0.10976271958780E-08  0.00000000000000E+00
  0.22378161102637E-08  0.00000000000000E+00
  0.17472917484843E-08  0.00000000000000E+00
  0.12878693677598E-08  0.00000000000000E+00
 -0.36410422294598E-09  0.00000000000000E+00
 -0.42171825554258E-09  0.00000000000000E+00
 -0.40438984126718E-09  0.00000000000000E+00
 -0.20465803645726E-09  0.00000000000000E+00
  0.85421644016849E-10  0.00000000000000E+00
