# ACE/gr parameter file
#
@    version 50122
@    world xmin 0.25
@    world xmax 0.75
@    title font 5
@    xaxis  tick major 0.1
@    xaxis  tick minor 0.02
@    xaxis  label "(r-r\s1\N)/d"
@    xaxis  label font 5
@    xaxis  label char size 1.2
@    xaxis  ticklabel font 4
@    xaxis  ticklabel char size 1
@    yaxis  tick major .1
@    yaxis  tick minor .02
@    yaxis  label font 4
@    yaxis  label char size 1.2
@    yaxis  ticklabel font 5
@    yaxis  ticklabel char size 1
@    title "potential between neighbors"
@    yaxis  label "V(r) (Ry)"
@    world ymin -10.
@    world ymax   .0
@    yaxis  tick major 2
@    yaxis  tick minor 1
@ s0 color  1
@ s0 linestyle  1
@ legend string 0 "(1)-(1)"
@target s0
@type xy
  .1000000000 -34.44385656
  .1050000000 -31.35749864
  .1100000000 -28.61789608
  .1150000000 -26.17225373
  .1200000000 -23.98045525
  .1250000000 -22.01709156
  .1300000000 -20.24003933
  .1350000000 -18.63889137
  .1400000000 -17.18332401
  .1450000000 -15.86816546
  .1500000000 -14.66691779
  .1550000000 -13.57574574
  .1600000000 -12.58209051
  .1650000000 -11.67228647
  .1700000000 -10.83879208
  .1750000000 -10.07557611
  .1800000000 -9.378573064
  .1850000000 -8.737740795
  .1900000000 -8.147972674
  .1950000000 -7.604609645
  .2000000000 -7.103405424
  .2050000000 -6.640494979
  .2100000000 -6.212365538
  .2150000000 -5.815829577
  .2200000000 -5.447999378
  .2250000000 -5.106262928
  .2300000000 -4.789110007
  .2350000000 -4.495369059
  .2400000000 -4.221385837
  .2450000000 -3.965387217
  .2500000000 -3.725780974
  .2550000000 -3.501137654
  .2600000000 -3.292345532
  .2650000000 -3.097369252
  .2700000000 -2.913743075
  .2750000000 -2.740526578
  .2800000000 -2.579230345
  .2850000000 -2.428049546
  .2900000000 -2.284793620
  .2950000000 -2.149910275
  .3000000000 -2.024536702
  .3050000000 -1.905201306
  .3100000000 -1.792610746
  .3150000000 -1.687895330
  .3200000000 -1.587779694
  .3250000000 -1.494138460
  .3300000000 -1.406064593
  .3350000000 -1.321484623
  .3400000000 -1.244065590
  .3450000000 -1.169472521
  .3500000000 -1.099804011
  .3550000000 -1.034079650
  .3600000000 -.9715332448
  .3650000000 -.9136956098
  .3700000000 -.8577093938
  .3750000000 -.8068956067
  .3800000000 -.7573172594
  .3850000000 -.7124195437
  .3900000000 -.6687592791
  .3950000000 -.6291549423
  .4000000000 -.5907924138
  .4050000000 -.5561227862
  .4100000000 -.5225122527
  .4150000000 -.4924653724
  .4200000000 -.4631259032
  .4250000000 -.4374353532
  .4300000000 -.4120452843
  .4350000000 -.3903852503
  .4400000000 -.3690760480
  .4450000000 -.3507568637
  .4500000000 -.3333568101
  .4550000000 -.3180700906
  .4600000000 -.3044525911
  .4650000000 -.2919107467
  .4700000000 -.2819955884
  .4750000000 -.2721853544
  .4800000000 -.2698655416
  .4850000000 -.2645530380
  .4900000000 -.2607666606
  .4950000000 -.2584981429
  .5000000000 -.2577425220
  .5050000000 -.2584981429
  .5100000000 -.2607666606
  .5150000000 -.2645530380
  .5200000000 -.2698655416
  .5250000000 -.2721853544
  .5300000000 -.2819955884
  .5350000000 -.2919107467
  .5400000000 -.3044525911
  .5450000000 -.3180700906
  .5500000000 -.3333568101
  .5550000000 -.3507568637
  .5600000000 -.3690760480
  .5650000000 -.3903852503
  .5700000000 -.4120452843
  .5750000000 -.4374353532
  .5800000000 -.4631259032
  .5850000000 -.4924653724
  .5900000000 -.5225122527
  .5950000000 -.5561227862
  .6000000000 -.5907924138
  .6050000000 -.6291549423
  .6100000000 -.6687592791
  .6150000000 -.7124195437
  .6200000000 -.7573172594
  .6250000000 -.8068956067
  .6300000000 -.8577093938
  .6350000000 -.9136956098
  .6400000000 -.9715332448
  .6450000000 -1.034079650
  .6500000000 -1.099804011
  .6550000000 -1.169472521
  .6600000000 -1.244065590
  .6650000000 -1.321484623
  .6700000000 -1.406064593
  .6750000000 -1.494138460
  .6800000000 -1.587779694
  .6850000000 -1.687895330
  .6900000000 -1.792610746
  .6950000000 -1.905201306
  .7000000000 -2.024536702
  .7050000000 -2.149910275
  .7100000000 -2.284793620
  .7150000000 -2.428049546
  .7200000000 -2.579230345
  .7250000000 -2.740526578
  .7300000000 -2.913743075
  .7350000000 -3.097369252
  .7400000000 -3.292345532
  .7450000000 -3.501137654
  .7500000000 -3.725780974
  .7550000000 -3.965387217
  .7600000000 -4.221385837
  .7650000000 -4.495369059
  .7700000000 -4.789110007
  .7750000000 -5.106262928
  .7800000000 -5.447999378
  .7850000000 -5.815829577
  .7900000000 -6.212365538
  .7950000000 -6.640494979
  .8000000000 -7.103405424
  .8050000000 -7.604609645
  .8100000000 -8.147972674
  .8150000000 -8.737740795
  .8200000000 -9.378573064
  .8250000000 -10.07557611
  .8300000000 -10.83879208
  .8350000000 -11.67228647
  .8400000000 -12.58209051
  .8450000000 -13.57574574
  .8500000000 -14.66691779
  .8550000000 -15.86816546
  .8600000000 -17.18332401
  .8650000000 -18.63889137
  .8700000000 -20.24003933
  .8750000000 -22.01709156
  .8800000000 -23.98045525
  .8850000000 -26.17225373
  .8900000000 -28.61789608
  .8950000000 -31.35749864
&
@ s1 color  1
@ s1 linestyle  1
@target s1
@type xy
  .4753856227 -10.000
  .4753856227  10.000
  .5246143772  10.000
  .5246143772 -10.000
&
