# ACE/gr parameter file
#
@    version 50122
@    world xmin 0.25
@    world xmax 0.75
@    title font 5
@    xaxis  tick major 0.1
@    xaxis  tick minor 0.02
@    xaxis  label "(r-r\s1\N)/d"
@    xaxis  label font 5
@    xaxis  label char size 1.2
@    xaxis  ticklabel font 4
@    xaxis  ticklabel char size 1
@    yaxis  tick major .1
@    yaxis  tick minor .02
@    yaxis  label font 4
@    yaxis  label char size 1.2
@    yaxis  ticklabel font 5
@    yaxis  ticklabel char size 1
@    title "potential between neighbors"
@    yaxis  label "V(r) (Ry)"
@    world ymin -10.
@    world ymax   .0
@    yaxis  tick major 2
@    yaxis  tick minor 1
@ s0 color  1
@ s0 linestyle  1
@ legend string 0 "(1)-(1)"
@target s0
@type xy
  .1000000000 -110.8819222
  .1050000000 -105.6073122
  .1100000000 -100.8109130
  .1150000000 -96.42847125
  .1200000000 -92.40933258
  .1250000000 -88.71963411
  .1300000000 -85.30518274
  .1350000000 -82.14965886
  .1400000000 -79.21320181
  .1450000000 -76.48633632
  .1500000000 -73.93453816
  .1550000000 -71.55068832
  .1600000000 -69.31762502
  .1650000000 -67.21714414
  .1700000000 -65.23859443
  .1750000000 -63.37336920
  .1800000000 -61.61548918
  .1850000000 -59.95174993
  .1900000000 -58.37504623
  .1950000000 -56.87889387
  .2000000000 -55.45736694
  .2050000000 -54.10504251
  .2100000000 -52.81695186
  .2150000000 -51.58853713
  .2200000000 -50.41561289
  .2250000000 -49.29433185
  .2300000000 -48.22241295
  .2350000000 -47.19814336
  .2400000000 -46.21602758
  .2450000000 -45.27324274
  .2500000000 -44.36718442
  .2550000000 -43.49544827
  .2600000000 -42.65946267
  .2650000000 -41.85593242
  .2700000000 -41.08060514
  .2750000000 -40.33169605
  .2800000000 -39.61181188
  .2850000000 -38.91779021
  .2900000000 -38.24553207
  .2950000000 -37.59571604
  .3000000000 -36.97050217
  .3050000000 -36.36322735
  .3100000000 -35.77508909
  .3150000000 -35.20829666
  .3200000000 -34.65629322
  .3250000000 -34.12269557
  .3300000000 -33.60566156
  .3350000000 -33.10081584
  .3400000000 -32.61565377
  .3450000000 -32.14112745
  .3500000000 -31.68149816
  .3550000000 -31.23466188
  .3600000000 -30.79886882
  .3650000000 -30.37734258
  .3700000000 -29.96383654
  .3750000000 -29.56546262
  .3800000000 -29.17358987
  .3850000000 -28.79564476
  .3900000000 -28.42402007
  .3950000000 -28.06480626
  .4000000000 -27.71174356
  .4050000000 -27.37012803
  .4100000000 -27.03409002
  .4150000000 -26.70902761
  .4200000000 -26.38861085
  .4250000000 -26.07913551
  .4300000000 -25.77327984
  .4350000000 -25.47827459
  .4400000000 -25.18686074
  .4450000000 -24.90444195
  .4500000000 -24.62666058
  .4550000000 -24.35579297
  .4600000000 -24.09089171
  .4650000000 -23.83062713
  .4700000000 -23.57790566
  .4750000000 -23.32785854
  .4800000000 -.0046929036
  .4850000000 -.0045009771
  .4900000000 -.0043635362
  .4950000000 -.0042809341
  .5000000000 -.0042533774
  .5050000000 -.0042809341
  .5100000000 -.0043635362
  .5150000000 -.0045009771
  .5200000000 -.0046929036
  .5250000000 -23.32785854
  .5300000000 -23.57790566
  .5350000000 -23.83062713
  .5400000000 -24.09089171
  .5450000000 -24.35579297
  .5500000000 -24.62666058
  .5550000000 -24.90444195
  .5600000000 -25.18686074
  .5650000000 -25.47827459
  .5700000000 -25.77327984
  .5750000000 -26.07913551
  .5800000000 -26.38861085
  .5850000000 -26.70902761
  .5900000000 -27.03409002
  .5950000000 -27.37012803
  .6000000000 -27.71174356
  .6050000000 -28.06480626
  .6100000000 -28.42402007
  .6150000000 -28.79564476
  .6200000000 -29.17358987
  .6250000000 -29.56546262
  .6300000000 -29.96383654
  .6350000000 -30.37734258
  .6400000000 -30.79886882
  .6450000000 -31.23466188
  .6500000000 -31.68149816
  .6550000000 -32.14112745
  .6600000000 -32.61565377
  .6650000000 -33.10081584
  .6700000000 -33.60566156
  .6750000000 -34.12269557
  .6800000000 -34.65629322
  .6850000000 -35.20829666
  .6900000000 -35.77508909
  .6950000000 -36.36322735
  .7000000000 -36.97050217
  .7050000000 -37.59571604
  .7100000000 -38.24553207
  .7150000000 -38.91779021
  .7200000000 -39.61181188
  .7250000000 -40.33169605
  .7300000000 -41.08060514
  .7350000000 -41.85593242
  .7400000000 -42.65946267
  .7450000000 -43.49544827
  .7500000000 -44.36718442
  .7550000000 -45.27324274
  .7600000000 -46.21602758
  .7650000000 -47.19814336
  .7700000000 -48.22241295
  .7750000000 -49.29433185
  .7800000000 -50.41561289
  .7850000000 -51.58853713
  .7900000000 -52.81695186
  .7950000000 -54.10504251
  .8000000000 -55.45736694
  .8050000000 -56.87889387
  .8100000000 -58.37504623
  .8150000000 -59.95174993
  .8200000000 -61.61548918
  .8250000000 -63.37336920
  .8300000000 -65.23859443
  .8350000000 -67.21714414
  .8400000000 -69.31762502
  .8450000000 -71.55068832
  .8500000000 -73.93453816
  .8550000000 -76.48633632
  .8600000000 -79.21320181
  .8650000000 -82.14965886
  .8700000000 -85.30518274
  .8750000000 -88.71963411
  .8800000000 -92.40933258
  .8850000000 -96.42847125
  .8900000000 -100.8109130
  .8950000000 -105.6073122
&
@ s1 color  1
@ s1 linestyle  1
@target s1
@type xy
  .4753856227 -10.000
  .4753856227  10.000
  .5246143772  10.000
  .5246143772 -10.000
&
