#     Radial coefficients Phi_{h} of D_{h} in the harmonic 
#     expansion of the Coulomb potential divided by r^{\ell}
#     Phi(1) is from \int_{0}^{r} {r\Pr^{\ell} \over r^{\ell+1}} ...
#     Phi(2) is from \int_{r}^{S} {r^{\ell} \over r\Pr^{\ell+1}} ...
#     Phi(out) is from V_{ext}(S)
# type = 0
# h = 0 (l = 0)
@ type xy
 0  235.835772717899  .000001473755244  233.446583116032  2.38918812811183
 1  235.835772680152  .000001548272835  233.446583003768  2.38918812811183
 2  235.835772640291  .000001626530449  233.446582885649  2.38918812811183
 3  235.835772598762  .000001708716468  233.446582761933  2.38918812811183
 4  235.835772554955  .000001795028742  233.446582631815  2.38918812811183
 5  235.835772508957  .000001885675073  233.446582495170  2.38918812811183
 6  235.835772460649  .000001980873707  233.446582351663  2.38918812811183
 7  235.835772409875  .000002080853866  233.446582200910  2.38918812811183
 8  235.835772356578  .000002185856295  233.446582042610  2.38918812811183
 9  235.835772300585  .000002296133848  233.446581876339  2.38918812811183
 10  235.835772241562  .000002411952090  233.446581701498  2.38918812811183
 11  235.835772179907  .000002533589943  233.446581518206  2.38918812811183
 12  235.835772114966  .000002661340353  233.446581325513  2.38918812811183
 13  235.835772046770  .000002795510997  233.446581123147  2.38918812811183
 14  235.835771975149  .000002936425026  233.446580910612  2.38918812811183
 15  235.835771899892  .000003084421840  233.446580687358  2.38918812811183
 16  235.835771820880  .000003239857909  233.446580452910  2.38918812811183
 17  235.835771737880  .000003403107627  233.446580206661  2.38918812811183
 18  235.835771650493  .000003574564218  233.446579947817  2.38918812811183
 19  235.835771559049  .000003754640681  233.446579676296  2.38918812811183
&
# h = 1 (l = 4)
@ type xy
 0  .108147663258839  .000000000000000  .000000000000000  .108147663258839
 1  .108147663258839  .000000000000000  .000000000000000  .108147663258839
 2  .108147663258839  .000000000000000  .000000000000000  .108147663258839
 3  .108147663258839  .000000000000000  .000000000000000  .108147663258839
 4  .108147663258839  .000000000000000  .000000000000000  .108147663258839
 5  .108147663258839  .000000000000000  .000000000000000  .108147663258839
 6  .108147663258839  .000000000000000  .000000000000000  .108147663258839
 7  .108147663258839  .000000000000000  .000000000000000  .108147663258839
 8  .108147663258839  .000000000000000  .000000000000000  .108147663258839
 9  .108147663258839  .000000000000000  .000000000000000  .108147663258839
 10  .108147663258839  .000000000000000  .000000000000000  .108147663258839
 11  .108147663258839  .000000000000000  .000000000000000  .108147663258839
 12  .108147663258839  .000000000000000  .000000000000000  .108147663258839
 13  .108147663258839  .000000000000000  .000000000000000  .108147663258839
 14  .108147663258839  .000000000000000  .000000000000000  .108147663258839
 15  .108147663258839  .000000000000000  .000000000000000  .108147663258839
 16  .108147663258839  .000000000000000  .000000000000000  .108147663258839
 17  .108147663258839  .000000000000000  .000000000000000  .108147663258839
 18  .108147663258839  .000000000000000  .000000000000000  .108147663258839
 19  .108147663258839  .000000000000000  .000000000000000  .108147663258839
&
# h = 2 (l = 6)
@ type xy
 0 -.074573788576444  .000000000000000  .000000000000000 -.074573788576444
 1 -.074573788576444  .000000000000000  .000000000000000 -.074573788576444
 2 -.074573788576444  .000000000000000  .000000000000000 -.074573788576444
 3 -.074573788576444  .000000000000000  .000000000000000 -.074573788576444
 4 -.074573788576444  .000000000000000  .000000000000000 -.074573788576444
 5 -.074573788576444  .000000000000000  .000000000000000 -.074573788576444
 6 -.074573788576444  .000000000000000  .000000000000000 -.074573788576444
 7 -.074573788576444  .000000000000000  .000000000000000 -.074573788576444
 8 -.074573788576444  .000000000000000  .000000000000000 -.074573788576444
 9 -.074573788576444  .000000000000000  .000000000000000 -.074573788576444
 10 -.074573788576444  .000000000000000  .000000000000000 -.074573788576444
 11 -.074573788576444  .000000000000000  .000000000000000 -.074573788576444
 12 -.074573788576444  .000000000000000  .000000000000000 -.074573788576444
 13 -.074573788576444  .000000000000000  .000000000000000 -.074573788576444
 14 -.074573788576444  .000000000000000  .000000000000000 -.074573788576444
 15 -.074573788576444  .000000000000000  .000000000000000 -.074573788576444
 16 -.074573788576444  .000000000000000  .000000000000000 -.074573788576444
 17 -.074573788576444  .000000000000000  .000000000000000 -.074573788576444
 18 -.074573788576444  .000000000000000  .000000000000000 -.074573788576444
 19 -.074573788576444  .000000000000000  .000000000000000 -.074573788576444
&
# h = 3 (l = 8)
@ type xy
 0 -.010488660864014  .000000000000000  .000000000000000 -.010488660864014
 1 -.010488660864014  .000000000000000  .000000000000000 -.010488660864014
 2 -.010488660864014  .000000000000000  .000000000000000 -.010488660864014
 3 -.010488660864014  .000000000000000  .000000000000000 -.010488660864014
 4 -.010488660864014  .000000000000000  .000000000000000 -.010488660864014
 5 -.010488660864014  .000000000000000  .000000000000000 -.010488660864014
 6 -.010488660864014  .000000000000000  .000000000000000 -.010488660864014
 7 -.010488660864014  .000000000000000  .000000000000000 -.010488660864014
 8 -.010488660864014  .000000000000000  .000000000000000 -.010488660864014
 9 -.010488660864014  .000000000000000  .000000000000000 -.010488660864014
 10 -.010488660864014  .000000000000000  .000000000000000 -.010488660864014
 11 -.010488660864014  .000000000000000  .000000000000000 -.010488660864014
 12 -.010488660864014  .000000000000000  .000000000000000 -.010488660864014
 13 -.010488660864014  .000000000000000  .000000000000000 -.010488660864014
 14 -.010488660864014  .000000000000000  .000000000000000 -.010488660864014
 15 -.010488660864014  .000000000000000  .000000000000000 -.010488660864014
 16 -.010488660864014  .000000000000000  .000000000000000 -.010488660864014
 17 -.010488660864014  .000000000000000  .000000000000000 -.010488660864014
 18 -.010488660864014  .000000000000000  .000000000000000 -.010488660864014
 19 -.010488660864014  .000000000000000  .000000000000000 -.010488660864014
&
