 energy and charge average matrices
  type  L       (e_i|H|e_j)                    (e_i|e_j)       
     0  0  .054134031  .007465496        .135817499  .020059089
           .007465496 -5.50546978        .020059089  1.00273939
     0  1  .056061006  .019326422        .096216391  .035109378
           .019326422 -9.10825339        .035109378  3.00310361
     0  2  1.01026993  .073125279        1.70854576  .113573791
           .073125279  .005418709        .113573791  .016668108
     0  3  .002981870  .000300440        .005336392  .000350685
           .000300440  .000290024        .000350685  .001311595
     0  4  .000674821  .000025339        .001276138 -.000020522
           .000025339 -.000123159       -.000020522  .000276351
     0  5  .000203386 -.000017298        .000370569 -.000044154
          -.000017298 -.000071724       -.000044154  .000071332
     0  6  .000047865 -.000002302        .000092726 -.000010616
          -.000002302 -.000028912       -.000010616  .000018849
     0  7  .000013986 -.000000801        .000024812 -.000002858
          -.000000801 -.000009299       -.000002858  .000005198
     0  8  .000003508 -.000000438        .000006259 -.000000946
          -.000000438 -.000002522       -.000000946  .000001633
