 ( 4i3 )
  1  8  1  2 npan, lm, ntype, spins
 ( 2i3 )
  3  2    ntls, nsets
 ( 3e22.14 )
 -0.56904289808879E+01 -0.56897386474204E+01 -0.56890483139530E+01
 ( 3e22.14 )
  0.39767312392258E+00  0.58194433415719E+00  0.59741188337139E+00
  0.58720210135999E+00  0.57668908132866E+00  0.58807681440795E+00
  0.58654762274192E+00  0.63035129020845E+00  0.59132502878224E+00
  0.35260622092656E+00  0.50020341321320E+00  0.57172451619718E+00
  0.50849453957349E+00  0.50852707858370E+00  0.53796632126150E+00
  0.54135278798509E+00  0.57132334365943E+00  0.56908765464638E+00
 -0.52908858837436E+01 -0.29535593414045E+01  0.36219798610078E+00
  0.28178082274844E+00 -0.42424336904578E+00 -0.13544865159478E+01
 -0.19453373448393E+01 -0.22758436908113E+01 -0.21769672120249E+01
 -0.54743715784275E+01 -0.31340281057726E+01  0.23698877747913E+00
  0.18759635631207E+00 -0.45146878615984E+00 -0.12718422819796E+01
 -0.18302916801318E+01 -0.23049408549562E+01 -0.19959056166011E+01
