"Start runs aprun -n 90 ./rspt 1.00e-12 500 on beskow-login4.pdc.kth.se,  Wed May 30 11:51:53 2018"
  1.78018410e-02 -2540.78898357754  2.54078898e+03
  1.36713690e-02 -2540.88885015637  9.98665788e-02
  4.77223120e-03 -2541.07294595415  1.84095798e-01
  4.14632430e-03 -2541.08179075913  8.84480498e-03
  2.67160230e-03 -2541.08102758999  7.63169140e-04
  3.32926890e-05 -2541.08517456921  4.14697922e-03
  2.81300060e-05 -2541.08519732110  2.27518904e-05
  8.35445260e-06 -2541.08527649718  7.91760799e-05
  9.29071870e-07 -2541.08526502195  1.14752302e-05
  7.51907660e-07 -2541.08526764709  2.62514004e-06
  3.53654720e-07 -2541.08526635422  1.29286991e-06
  2.97523540e-07 -2541.08526585246  5.01760042e-07
  2.31345440e-08 -2541.08525977370  6.07876018e-06
  1.94306140e-08 -2541.08525968852  8.51796358e-08
  2.74938460e-09 -2541.08525875640  9.32120201e-07
  2.31523090e-09 -2541.08525874175  1.46501407e-08
  2.07702690e-10 -2541.08525858068  1.61069693e-07
  1.76340430e-10 -2541.08525859562  1.49398147e-08
  1.26071000e-11 -2541.08525875407  1.58449893e-07
  9.92817460e-12 -2541.08525875807  3.99995770e-09
  1.43443760e-12 -2541.08525878352  2.54503902e-08
  1.17302110e-12 -2541.08525878303  4.90217644e-10
  3.84807590e-13 -2541.08525877998  3.04999048e-09
"Start runs aprun -n 90 ./rspt 1.00e-12 500 on beskow-login4.pdc.kth.se,  Wed May 30 11:56:51 2018"
"Start runs aprun -n 90 ./rspt 1.00e-12 500 on beskow-login4.pdc.kth.se,  Wed May 30 14:30:29 2018"
  7.76284300e-06 -2541.33675016537  2.54133675e+03
  7.76493720e-06 -2541.33674986355  3.01820364e-07
  5.59741520e-06 -2541.33631019331  4.39670240e-04
  2.94430710e-06 -2541.33618633515  1.23858160e-04
  1.54989350e-06 -2541.33518941509  9.96920060e-04
  1.21516270e-06 -2541.33540714430  2.17729210e-04
  8.54615400e-07 -2541.33548089427  7.37499699e-05
  3.96209950e-08 -2541.33585249839  3.71604120e-04
  3.32440270e-08 -2541.33587444695  2.19485601e-05
  6.64431890e-09 -2541.33603206548  1.57618530e-04
  5.21074060e-09 -2541.33603258908  5.23599738e-07
  8.64662720e-10 -2541.33603100498  1.58409966e-06
  7.14635060e-10 -2541.33603145049  4.45509613e-07
  2.76896380e-10 -2541.33603263985  1.18936032e-06
  3.95925270e-11 -2541.33603394035  1.30049966e-06
  3.36987120e-11 -2541.33603435011  4.09760105e-07
  1.69991510e-11 -2541.33603464395  2.93840003e-07
  7.26659830e-13 -2541.33603407924  5.64709808e-07
