#      order       spins
          48           2
#              Pi1               Pi2               Pi3                       p
# element 0
  1.00000000000000  .000000000000000  .000000000000000        .000000000000000
  .000000000000000  1.00000000000000  .000000000000000        .000000000000000
  .000000000000000  .000000000000000  1.00000000000000        .000000000000000
# element 1
  .000000000000000  .000000000000000 -1.00000000000000        .000000000000000
  1.00000000000000  .000000000000000  .000000000000000        .000000000000000
  .000000000000000 -1.00000000000000  .000000000000000        .000000000000000
# element 2
  .000000000000000  1.00000000000000  .000000000000000        .000000000000000
  .000000000000000  .000000000000000 -1.00000000000000        .000000000000000
 -1.00000000000000  .000000000000000  .000000000000000        .000000000000000
# element 3
 -1.00000000000000  .000000000000000  .000000000000000        .000000000000000
  .000000000000000  .000000000000000  1.00000000000000        .000000000000000
  .000000000000000  1.00000000000000  .000000000000000        .000000000000000
# element 4
  .000000000000000  .000000000000000  1.00000000000000        .000000000000000
  .000000000000000 -1.00000000000000  .000000000000000        .000000000000000
  1.00000000000000  .000000000000000  .000000000000000        .000000000000000
# element 5
  .000000000000000 -1.00000000000000  .000000000000000        .000000000000000
 -1.00000000000000  .000000000000000  .000000000000000        .000000000000000
  .000000000000000  .000000000000000 -1.00000000000000        .000000000000000
# element 6
  .000000000000000 -1.00000000000000  .000000000000000        .000000000000000
  .000000000000000  .000000000000000 -1.00000000000000        .000000000000000
  1.00000000000000  .000000000000000  .000000000000000        .000000000000000
# element 7
  .000000000000000  .000000000000000  1.00000000000000        .000000000000000
  1.00000000000000  .000000000000000  .000000000000000        .000000000000000
  .000000000000000  1.00000000000000  .000000000000000        .000000000000000
# element 8
 -1.00000000000000  .000000000000000  .000000000000000        .000000000000000
  .000000000000000  1.00000000000000  .000000000000000        .000000000000000
  .000000000000000  .000000000000000 -1.00000000000000        .000000000000000
# element 9
  .000000000000000  .000000000000000 -1.00000000000000        .000000000000000
  .000000000000000 -1.00000000000000  .000000000000000        .000000000000000
 -1.00000000000000  .000000000000000  .000000000000000        .000000000000000
# element 10
  .000000000000000  1.00000000000000  .000000000000000        .000000000000000
 -1.00000000000000  .000000000000000  .000000000000000        .000000000000000
  .000000000000000  .000000000000000  1.00000000000000        .000000000000000
# element 11
  1.00000000000000  .000000000000000  .000000000000000        .000000000000000
  .000000000000000  .000000000000000  1.00000000000000        .000000000000000
  .000000000000000 -1.00000000000000  .000000000000000        .000000000000000
# element 12
  1.00000000000000  .000000000000000  .000000000000000        .000000000000000
  .000000000000000 -1.00000000000000  .000000000000000        .000000000000000
  .000000000000000  .000000000000000 -1.00000000000000        .000000000000000
# element 13
  .000000000000000  1.00000000000000  .000000000000000        .000000000000000
  .000000000000000  .000000000000000  1.00000000000000        .000000000000000
  1.00000000000000  .000000000000000  .000000000000000        .000000000000000
# element 14
  .000000000000000  .000000000000000 -1.00000000000000        .000000000000000
 -1.00000000000000  .000000000000000  .000000000000000        .000000000000000
  .000000000000000  1.00000000000000  .000000000000000        .000000000000000
# element 15
  .000000000000000  1.00000000000000  .000000000000000        .000000000000000
  1.00000000000000  .000000000000000  .000000000000000        .000000000000000
  .000000000000000  .000000000000000 -1.00000000000000        .000000000000000
# element 16
  .000000000000000  .000000000000000 -1.00000000000000        .000000000000000
  .000000000000000  1.00000000000000  .000000000000000        .000000000000000
  1.00000000000000  .000000000000000  .000000000000000        .000000000000000
# element 17
  1.00000000000000  .000000000000000  .000000000000000        .000000000000000
  .000000000000000  .000000000000000 -1.00000000000000        .000000000000000
  .000000000000000  1.00000000000000  .000000000000000        .000000000000000
# element 18
 -1.00000000000000  .000000000000000  .000000000000000        .000000000000000
  .000000000000000  .000000000000000 -1.00000000000000        .000000000000000
  .000000000000000 -1.00000000000000  .000000000000000        .000000000000000
# element 19
  .000000000000000 -1.00000000000000  .000000000000000        .000000000000000
  1.00000000000000  .000000000000000  .000000000000000        .000000000000000
  .000000000000000  .000000000000000  1.00000000000000        .000000000000000
# element 20
  .000000000000000  .000000000000000  1.00000000000000        .000000000000000
  .000000000000000  1.00000000000000  .000000000000000        .000000000000000
 -1.00000000000000  .000000000000000  .000000000000000        .000000000000000
# element 21
  .000000000000000  .000000000000000  1.00000000000000        .000000000000000
 -1.00000000000000  .000000000000000  .000000000000000        .000000000000000
  .000000000000000 -1.00000000000000  .000000000000000        .000000000000000
# element 22
  .000000000000000 -1.00000000000000  .000000000000000        .000000000000000
  .000000000000000  .000000000000000  1.00000000000000        .000000000000000
 -1.00000000000000  .000000000000000  .000000000000000        .000000000000000
# element 23
 -1.00000000000000  .000000000000000  .000000000000000        .000000000000000
  .000000000000000 -1.00000000000000  .000000000000000        .000000000000000
  .000000000000000  .000000000000000  1.00000000000000        .000000000000000
# element 24
  1.00000000000000  .000000000000000  .000000000000000        .000000000000000
  .000000000000000  .000000000000000  1.00000000000000        .000000000000000
  .000000000000000  1.00000000000000  .000000000000000        .000000000000000
# element 25
  .000000000000000  .000000000000000  1.00000000000000        .000000000000000
  .000000000000000  1.00000000000000  .000000000000000        .000000000000000
  1.00000000000000  .000000000000000  .000000000000000        .000000000000000
# element 26
 -1.00000000000000  .000000000000000  .000000000000000        .000000000000000
  .000000000000000 -1.00000000000000  .000000000000000        .000000000000000
  .000000000000000  .000000000000000 -1.00000000000000        .000000000000000
# element 27
  .000000000000000  .000000000000000 -1.00000000000000        .000000000000000
  .000000000000000 -1.00000000000000  .000000000000000        .000000000000000
  1.00000000000000  .000000000000000  .000000000000000        .000000000000000
# element 28
  1.00000000000000  .000000000000000  .000000000000000        .000000000000000
  .000000000000000  .000000000000000 -1.00000000000000        .000000000000000
  .000000000000000 -1.00000000000000  .000000000000000        .000000000000000
# element 29
  .000000000000000  1.00000000000000  .000000000000000        .000000000000000
 -1.00000000000000  .000000000000000  .000000000000000        .000000000000000
  .000000000000000  .000000000000000 -1.00000000000000        .000000000000000
# element 30
  .000000000000000 -1.00000000000000  .000000000000000        .000000000000000
  1.00000000000000  .000000000000000  .000000000000000        .000000000000000
  .000000000000000  .000000000000000 -1.00000000000000        .000000000000000
# element 31
  .000000000000000  .000000000000000 -1.00000000000000        .000000000000000
  1.00000000000000  .000000000000000  .000000000000000        .000000000000000
  .000000000000000  1.00000000000000  .000000000000000        .000000000000000
# element 32
  .000000000000000  1.00000000000000  .000000000000000      