# ACE/gr parameter file
#
@    version 50122
@    world xmin 0.25
@    world xmax 0.75
@    title font 5
@    xaxis  tick major 0.1
@    xaxis  tick minor 0.02
@    xaxis  label "(r-r\s1\N)/d"
@    xaxis  label font 5
@    xaxis  label char size 1.2
@    xaxis  ticklabel font 4
@    xaxis  ticklabel char size 1
@    yaxis  tick major .1
@    yaxis  tick minor .02
@    yaxis  label font 4
@    yaxis  label char size 1.2
@    yaxis  ticklabel font 5
@    yaxis  ticklabel char size 1
@    title "potential between neighbors"
@    yaxis  label "V(r) (Ry)"
@    world ymin -10.
@    world ymax   .0
@    yaxis  tick major 2
@    yaxis  tick minor 1
@ s0 color  1
@ s0 linestyle  1
@ legend string 0 "(1)-(1)"
@target s0
@type xy
  .1000000000 -110.8819362
  .1050000000 -105.6073264
  .1100000000 -100.8109272
  .1150000000 -96.42848526
  .1200000000 -92.40934633
  .1250000000 -88.71964753
  .1300000000 -85.30519582
  .1350000000 -82.14967157
  .1400000000 -79.21321414
  .1450000000 -76.48634828
  .1500000000 -73.93454975
  .1550000000 -71.55069956
  .1600000000 -69.31763591
  .1650000000 -67.21715469
  .1700000000 -65.23860464
  .1750000000 -63.37337908
  .1800000000 -61.61549874
  .1850000000 -59.95175918
  .1900000000 -58.37505517
  .1950000000 -56.87890251
  .2000000000 -55.45737526
  .2050000000 -54.10505054
  .2100000000 -52.81695959
  .2150000000 -51.58854456
  .2200000000 -50.41562002
  .2250000000 -49.29433868
  .2300000000 -48.22241948
  .2350000000 -47.19814959
  .2400000000 -46.21603349
  .2450000000 -45.27324833
  .2500000000 -44.36718970
  .2550000000 -43.49545322
  .2600000000 -42.65946728
  .2650000000 -41.85593669
  .2700000000 -41.08060906
  .2750000000 -40.33169961
  .2800000000 -39.61181508
  .2850000000 -38.91779304
  .2900000000 -38.24553452
  .2950000000 -37.59571810
  .3000000000 -36.97050382
  .3050000000 -36.36322861
  .3100000000 -35.77508994
  .3150000000 -35.20829709
  .3200000000 -34.65629322
  .3250000000 -34.12269515
  .3300000000 -33.60566070
  .3350000000 -33.10081456
  .3400000000 -32.61565205
  .3450000000 -32.14112530
  .3500000000 -31.68149558
  .3550000000 -31.23465887
  .3600000000 -30.79886539
  .3650000000 -30.37733873
  .3700000000 -29.96383228
  .3750000000 -29.56545797
  .3800000000 -29.17358483
  .3850000000 -28.79563934
  .3900000000 -28.42401427
  .3950000000 -28.06480011
  .4000000000 -27.71173706
  .4050000000 -27.37012121
  .4100000000 -27.03408288
  .4150000000 -26.70902018
  .4200000000 -26.38860313
  .4250000000 -26.07912753
  .4300000000 -25.77327161
  .4350000000 -25.47826613
  .4400000000 -25.18685206
  .4450000000 -24.90443308
  .4500000000 -24.62665153
  .4550000000 -24.35578376
  .4600000000 -24.09088235
  .4650000000 -23.83061765
  .4700000000 -23.57789607
  .4750000000 -23.32784886
  .4800000000 -.0046831565
  .4850000000 -.0044911737
  .4900000000 -.0043536924
  .4950000000 -.0042710660
  .5000000000 -.0042435012
  .5050000000 -.0042710660
  .5100000000 -.0043536924
  .5150000000 -.0044911737
  .5200000000 -.0046831565
  .5250000000 -23.32784886
  .5300000000 -23.57789607
  .5350000000 -23.83061765
  .5400000000 -24.09088235
  .5450000000 -24.35578376
  .5500000000 -24.62665153
  .5550000000 -24.90443308
  .5600000000 -25.18685206
  .5650000000 -25.47826613
  .5700000000 -25.77327161
  .5750000000 -26.07912753
  .5800000000 -26.38860313
  .5850000000 -26.70902018
  .5900000000 -27.03408288
  .5950000000 -27.37012121
  .6000000000 -27.71173706
  .6050000000 -28.06480011
  .6100000000 -28.42401427
  .6150000000 -28.79563934
  .6200000000 -29.17358483
  .6250000000 -29.56545797
  .6300000000 -29.96383228
  .6350000000 -30.37733873
  .6400000000 -30.79886539
  .6450000000 -31.23465887
  .6500000000 -31.68149558
  .6550000000 -32.14112530
  .6600000000 -32.61565205
  .6650000000 -33.10081456
  .6700000000 -33.60566070
  .6750000000 -34.12269515
  .6800000000 -34.65629322
  .6850000000 -35.20829709
  .6900000000 -35.77508994
  .6950000000 -36.36322861
  .7000000000 -36.97050382
  .7050000000 -37.59571810
  .7100000000 -38.24553452
  .7150000000 -38.91779304
  .7200000000 -39.61181508
  .7250000000 -40.33169961
  .7300000000 -41.08060906
  .7350000000 -41.85593669
  .7400000000 -42.65946728
  .7450000000 -43.49545322
  .7500000000 -44.36718970
  .7550000000 -45.27324833
  .7600000000 -46.21603349
  .7650000000 -47.19814959
  .7700000000 -48.22241948
  .7750000000 -49.29433868
  .7800000000 -50.41562002
  .7850000000 -51.58854456
  .7900000000 -52.81695959
  .7950000000 -54.10505054
  .8000000000 -55.45737526
  .8050000000 -56.87890251
  .8100000000 -58.37505517
  .8150000000 -59.95175918
  .8200000000 -61.61549874
  .8250000000 -63.37337908
  .8300000000 -65.23860464
  .8350000000 -67.21715469
  .8400000000 -69.31763591
  .8450000000 -71.55069956
  .8500000000 -73.93454975
  .8550000000 -76.48634828
  .8600000000 -79.21321414
  .8650000000 -82.14967157
  .8700000000 -85.30519582
  .8750000000 -88.71964753
  .8800000000 -92.40934633
  .8850000000 -96.42848526
  .8900000000 -100.8109272
  .8950000000 -105.6073264
&
@ s1 color  1
@ s1 linestyle  1
@target s1
@type xy
  .4753856227 -10.000
  .4753856227  10.000
  .5246143772  10.000
  .5246143772 -10.000
&
