# ACE/gr parameter file
#
@    version 50122
@    world xmin 0.25
@    world xmax 0.75
@    title font 5
@    xaxis  tick major 0.1
@    xaxis  tick minor 0.02
@    xaxis  label "(r-r\s1\N)/d"
@    xaxis  label font 5
@    xaxis  label char size 1.2
@    xaxis  ticklabel font 4
@    xaxis  ticklabel char size 1
@    yaxis  tick major .1
@    yaxis  tick minor .02
@    yaxis  label font 4
@    yaxis  label char size 1.2
@    yaxis  ticklabel font 5
@    yaxis  ticklabel char size 1
@    title "potential between neighbors"
@    yaxis  label "V(r) (Ry)"
@    world ymin -10.
@    world ymax   .0
@    yaxis  tick major 2
@    yaxis  tick minor 1
@ s0 color  1
@ s0 linestyle  1
@ legend string 0 "(1)-(1)"
@target s0
@type xy
  .1000000000 -34.44440069
  .1050000000 -31.35802900
  .1100000000 -28.61841317
  .1150000000 -26.17275782
  .1200000000 -23.98094639
  .1250000000 -22.01756965
  .1300000000 -20.24050429
  .1350000000 -18.63934304
  .1400000000 -17.18376231
  .1450000000 -15.86859028
  .1500000000 -14.66732914
  .1550000000 -13.57614362
  .1600000000 -12.58247499
  .1650000000 -11.67265767
  .1700000000 -10.83915017
  .1750000000 -10.07592128
  .1800000000 -9.378905529
  .1850000000 -8.738060810
  .1900000000 -8.148280512
  .1950000000 -7.604905596
  .2000000000 -7.103689788
  .2050000000 -6.640768066
  .2100000000 -6.212627665
  .2150000000 -5.816081061
  .2200000000 -5.448240539
  .2250000000 -5.106494083
  .2300000000 -4.789331478
  .2350000000 -4.495581171
  .2400000000 -4.221588905
  .2450000000 -3.965581543
  .2500000000 -3.725966857
  .2550000000 -3.501315384
  .2600000000 -3.292515419
  .2650000000 -3.097531596
  .2700000000 -2.913898147
  .2750000000 -2.740674635
  .2800000000 -2.579371685
  .2850000000 -2.428184447
  .2900000000 -2.284922315
  .2950000000 -2.150033014
  .3000000000 -2.024653778
  .3050000000 -1.905312926
  .3100000000 -1.792717139
  .3150000000 -1.687996770
  .3200000000 -1.587876357
  .3250000000 -1.494230587
  .3300000000 -1.406152402
  .3350000000 -1.321568257
  .3400000000 -1.244145333
  .3450000000 -1.169548497
  .3500000000 -1.099876426
  .3550000000 -1.034148674
  .3600000000 -.9715990170
  .3650000000 -.9137583350
  .3700000000 -.8577691575
  .3750000000 -.8069526388
  .3800000000 -.7573716204
  .3850000000 -.7124714442
  .3900000000 -.6688087809
  .3950000000 -.6292022350
  .4000000000 -.5908375597
  .4050000000 -.5561659623
  .4100000000 -.5225535142
  .4150000000 -.4925048978
  .4200000000 -.4631637310
  .4250000000 -.4374716729
  .4300000000 -.4120801136
  .4350000000 -.3904187939
  .4400000000 -.3691083260
  .4450000000 -.3507880473
  .4500000000 -.3333869522
  .4550000000 -.3180993186
  .4600000000 -.3044810056
  .4650000000 -.2919384143
  .4700000000 -.2820226721
  .4750000000 -.2722118603
  .4800000000 -.2698919030
  .4850000000 -.2645790966
  .4900000000 -.2607925031
  .4950000000 -.2585238558
  .5000000000 -.2577681917
  .5050000000 -.2585238558
  .5100000000 -.2607925031
  .5150000000 -.2645790966
  .5200000000 -.2698919030
  .5250000000 -.2722118603
  .5300000000 -.2820226721
  .5350000000 -.2919384143
  .5400000000 -.3044810056
  .5450000000 -.3180993186
  .5500000000 -.3333869522
  .5550000000 -.3507880473
  .5600000000 -.3691083260
  .5650000000 -.3904187939
  .5700000000 -.4120801136
  .5750000000 -.4374716729
  .5800000000 -.4631637310
  .5850000000 -.4925048978
  .5900000000 -.5225535142
  .5950000000 -.5561659623
  .6000000000 -.5908375597
  .6050000000 -.6292022350
  .6100000000 -.6688087809
  .6150000000 -.7124714442
  .6200000000 -.7573716204
  .6250000000 -.8069526388
  .6300000000 -.8577691575
  .6350000000 -.9137583350
  .6400000000 -.9715990170
  .6450000000 -1.034148674
  .6500000000 -1.099876426
  .6550000000 -1.169548497
  .6600000000 -1.244145333
  .6650000000 -1.321568257
  .6700000000 -1.406152402
  .6750000000 -1.494230587
  .6800000000 -1.587876357
  .6850000000 -1.687996770
  .6900000000 -1.792717139
  .6950000000 -1.905312926
  .7000000000 -2.024653778
  .7050000000 -2.150033014
  .7100000000 -2.284922315
  .7150000000 -2.428184447
  .7200000000 -2.579371685
  .7250000000 -2.740674635
  .7300000000 -2.913898147
  .7350000000 -3.097531596
  .7400000000 -3.292515419
  .7450000000 -3.501315384
  .7500000000 -3.725966857
  .7550000000 -3.965581543
  .7600000000 -4.221588905
  .7650000000 -4.495581171
  .7700000000 -4.789331478
  .7750000000 -5.106494083
  .7800000000 -5.448240539
  .7850000000 -5.816081061
  .7900000000 -6.212627665
  .7950000000 -6.640768066
  .8000000000 -7.103689788
  .8050000000 -7.604905596
  .8100000000 -8.148280512
  .8150000000 -8.738060810
  .8200000000 -9.378905529
  .8250000000 -10.07592128
  .8300000000 -10.83915017
  .8350000000 -11.67265767
  .8400000000 -12.58247499
  .8450000000 -13.57614362
  .8500000000 -14.66732914
  .8550000000 -15.86859028
  .8600000000 -17.18376231
  .8650000000 -18.63934304
  .8700000000 -20.24050429
  .8750000000 -22.01756965
  .8800000000 -23.98094639
  .8850000000 -26.17275782
  .8900000000 -28.61841317
  .8950000000 -31.35802900
&
@ s1 color  1
@ s1 linestyle  1
@target s1
@type xy
  .4753856227 -10.000
  .4753856227  10.000
  .5246143772  10.000
  .5246143772 -10.000
&
