 (i6, f12.0, f18.0, f8.3, i6)
   670  60.0000000  0.02500000000000  28.000     2
 (3e22.14)
  2.99785627573724e-06  3.14822239436164e-06  3.30613016967218e-06
  3.47195782588140e-06  3.64610255336825e-06  3.82898145956674e-06
  4.02103256751490e-06  4.22271586445198e-06  4.43451440297086e-06
  4.65693545735881e-06  4.89051173789256e-06  5.13580266598664e-06
  5.39339571325024e-06  5.66390780764369e-06  5.94798681011076e-06
  6.24631306519277e-06  6.55960102936673e-06  6.88860098094315e-06
  7.23410081569649e-06  7.59692793239222e-06  7.97795121287553e-06
  8.37808310128651e-06  8.79828178751099e-06  9.23955349998313e-06
  9.70295491337762e-06  1.01895956768971e-05  1.07006410692512e-05
  1.12373147865766e-05  1.18009018700944e-05  1.23927517802964e-05
  1.30142816252489e-05  1.36669795504607e-05  1.43524082986319e-05
  1.50722089476192e-05  1.58281048356384e-05  1.66219056829967e-05
  1.74555119202849e-05  1.83309192332064e-05  1.92502233351153e-05
  2.02156249783150e-05  2.12294352164887e-05  2.22940809303728e-05
  2.34121106302275e-05  2.45862005486686e-05  2.58191610385530e-05
  2.71139432910413e-05  2.84736463900110e-05  2.99015247193763e-05
  3.14009957413526e-05  3.29756481636352e-05  3.46292505156487e-05
  3.63657601535592e-05  3.81893327161219e-05  4.01043320534266e-05
  4.21153406524566e-05  4.42271705840607e-05  4.64448749976618e-05
  4.87737601906235e-05  5.12193982816366e-05  5.37876405173292e-05
  5.64846312449195e-05  5.93168225829006e-05  6.22909898256866e-05
  6.54142476180739e-05  6.86940669384147e-05  7.21382929304935e-05
  7.57551636269094e-05  7.95533296077094e-05  8.35418746420270e-05
  8.77303373601481e-05  9.21287340093923e-05  9.67475823457328e-05
  1.01597926719584e-04  1.06691364413968e-04  1.12040073298270e-04
  1.17656840862515e-04  1.23555094701730e-04  1.29748934521344e-04
  1.36253165741159e-04  1.43083334775297e-04  1.50255766073716e-04
  1.57787601011163e-04  1.65696838716805e-04  1.74002378939844e-04
  1.82724067054109e-04  1.91882741305197e-04  2.01500282415646e-04
  2.11599665660424e-04  2.22205015540424e-04  2.33341663178897e-04
  2.45036206578883e-04  2.57316573881979e-04  2.70212089778657e-04
  2.83753545224916e-04  2.97973270631804e-04  3.12905212696174e-04
  3.28585015058766e-04  3.45050102972299e-04  3.62339772185607e-04
  3.80495282246293e-04  3.99559954445249e-04  4.19579274629961e-04
  4.40601001129654e-04  4.62675278042421e-04  4.85854754153690e-04
  5.10194707757913e-04  5.35753177684485e-04  5.62591100822554e-04
  5.90772456477908e-04  6.20364417888443e-04  6.51437511258978e-04
  6.84065782681423e-04  7.18326973332490e-04  7.54302703352192e-04
  7.92078664837663e-04  8.31744824390039e-04  8.73395635700032e-04
  9.17130262645991e-04  9.63052813441744e-04  1.01127258635906e-03
  1.06190432760570e-03  1.11506850194737e-03  1.17089157670461e-03
  1.22950631977204e-03  1.29105211235892e-03  1.35567527715305e-03
  1.42352942268878e-03  1.49477580467779e-03  1.56958370516622e-03
  1.64813083035788e-03  1.73060372803568e-03  1.81719822552301e-03
  1.90811988919536e-03  2.00358450657800e-03  2.10381859214822e-03
  2.20905991796463e-03  2.31955807036436e-03  2.43557503395642e-03
  2.55738580426385e-03  2.68527903037919e-03  2.81955768910564e-03
  2.96053979207608e-03  3.10855912748817e-03  3.26396603805778e-03
  3.42712823701741e-03  3.59843166390719e-03  3.77828138214029e-03
  3.96710252030025e-03  4.16534125929624e-03  4.37346586755122e-03
  4.59196778654765e-03  4.82136276909386e-03  5.06219207289136e-03
  5.31502371194387e-03  5.58045376867811e-03  5.85910776953663e-03
  6.15164212716051e-03  6.45874565223913e-03  6.78114113836900e-03
  7.11958702333266e-03  7.47487913044532e-03  7.84785249366419e-03
  8.23938327050542e-03  8.65039074672465e-03  9.08183943725690e-03
  9.53474128769951e-03  1.00101579812063e-02  1.05092033555653e-02
  1.10330459356544e-02  1.15829115865565e-02  1.21600862929880e-02
  1.27659190707388e-02  1.34018250163832e-02  1.40692885013307e-02
  1.47698665171637e-02  1.55051921788050e-02  1.62769783930059e-02
  1.70870216994350e-02  1.79372062923118e-02  1.88295082306247e-02
  1.97659998455461e-02  2.07488543536688e-02  2.17803506855816e-02
  2.28628785388975e-02  2.39989436662808e-02  2.51911734082333e-02
  2.64423224819484e-02  2.77552790370719e-02  2.91330709902607e-02
  3.05788726504748e-02  3.20960116478150e-02  3.36879761786159e-02
  3.53584225809072e-02  3.71111832535256e-02  3.89502749344760e-02
  4.08799073526331e-02  4.29044922693712e-02  4.50286529257301e-02
  4.72572339123407e-02  4.95953114792184e-02  5.20482043038311e-02
  5.46214847354355e-02  5.73209905358747e-02  6.01528371353208e-02
  6.31234304251920e-02  6.62394801075695e-02  6.95080136244570e-02
  7.29363906881958e-02  7.65323184368125e-02  8.03038672374941e-02
  8.42594871632594e-02  8.84080251667513e-02  9.27587429784723e-02
  9.73213357533165e-02  1.02105951495315e-01  1.07123211284881e-01
  1.12384230339323e-01  1.17900639933249e-01  1.23684610209142e-01
  1.29748873906743e-01  1.36106751042438e-01  1.42772174567062e-01
  1.49759717035579e-01  1.57084618316193e-01  1.64762814373408e-01
  1.72810967153453e-01  1.81246495605435e-01  1.90087607867379e-01
  1.99353334650993e-01  2.09063563851239e-01  2.19239076417502e-01
  2.29901583507876e-01  2.41073764963563e-01  2.52779309124457e-01
  2.65042954017354e-01  2.77890529939308e-01  2.91349003462067e-01
  3.05446522876707e-01  3.20212465102691e-01  3.35677484071967e-01
  3.51873560612479e-01  3.68834053830356e-01  3.86593754011650e-01
  4.05188937036712e-01  4.24657420314936e-01  4.45038620229953e-01
  4.66373611088780e-01  4.88705185553773e-01  5.12077916542666e-01
  5.36538220554952e-01  5.62134422404663e-01  5.88916821291771e-01
  6.16937758180133e-01  6.46251684397192e-01  6.76915231393682e-01
  7.08987281566865e-01  7.42529040053782e-01  7.77604107371434e-01
  8.14278552789138e-01  8.52620988266572e-01  8.92702642826805e-01
  9.34597437144680e-01  9.78382058191666e-01  1.02413603368073e+00
  1.07194180609302e+00  1.12188480600303e+00  1.17405352442156e+00
  1.22853958382011e+00  1.28543780751320e+00  1.34484628698037e+00
  1.40686644677199e+00  1.47160310648275e+00  1.53916453938451e+00
  1.60966252713555e+00  1.68321241005249e+00  1.75993313231342e+00
  1.83994728147405e+00  1.92338112157040e+00  2.01036461912352e+00
  2.10103146118396e+00  2.19551906467732e+00  2.29396857603957e+00
  2.39652486031934e+00  2.50333647863524e+00  2.61455565301991e+00
  2.73033821743816e+00  2.85084355392736e+00  2.97623451244258e+00
  3.10667731331964e+00  3.24234143077945e+00  3.38339945623073e+00
  3.53002693974453e+00  3.68240220829726e+00  3.84070615898903e+00
  4.00512202584807e+00  4.17583511819355e+00  4.35303252910749e+00
  4.53690281196531e+00  4.72763562336184e+00  4.92542133039466e+00
  5.13045058063540e+00  5.34291383251197e+00  5.56300084469499e+00
  5.79090012194524e+00  6.02679831615394e+00  6.27087958018503e+00
  6.52332487306727e+00  6.78431121455110e+00  7.05401088756422e+00
  7.33259058674528e+00  7.62021051202151e+00  7.91702340542654e+00
  8.22317353079338e+00  8.53879559462064e+00  8.86401360837132e+00
  9.19893969112733e+00  9.54367281324517e+00  9.89829748074281e+00
  1.02628823620888e+01  1.06374788573604e+01  1.10221196132334e+01
  1.14168169841280e+01  1.18215614443697e+01  1.22363199533524e+01
  1.26610342791232e+01  1.30956192847440e+01  1.35399611839352e+01
  1.39939157720369e+01  1.44573066412005e+01  1.49299233869311e+01
  1.54115198179924e+01  1.59018121780676e+01  1.64004773938241e+01
  1.69071513606038e+01  1.74214272819265e+01  1.79428540771534e+01
  1.84709348765472e+01  1.90051256190876e+01  1.95448337772053e+01
  2.00894172243409e+01  2.06381832729718e+01  2.11903879023830e+01
  2.17452352042701e+01  2.23018770692755e+01  2.28594131449353e+01
  2.34168910874995e+01  2.39733071433775e+01  2.45276070804865e+01
  2.50786875073467e+01  2.56253976020275e+01  2.61665412848786e+01
  2.67008798603621e+01  2.72271351576032e+01  2.77439931930640e+01
  2.82501083833083e+01  2.87441083245616e+01  2.92245991651870e+01
  2.96901715772444e+01  3.01394073513341e+01  3.05708866072637e+01
  3.09831956371371e+01  3.13749353643380e+01  3.17447304171628e+01
  3.20912387928415e+01  3.24131620912755e+01  3.27092562787958e+01
  3.29783429446982e+01  3.32193209893542e+01  3.34311786898468e+01
  3.36130060552741e+01  3.37640074028470e+01  3.38835140373568e+01
  3.39709969441764e+01  3.40260793590579e+01  3.40485490933027e+01
  3.40383704618841e+01  3.39956956698289e+01  3.39208754786385e+01
  3.38144689976639e+01  3.36772523984669e+01  3.35102263847846e+01
  3.33146222111252e+01  3.30919060665207e+01  3.28437816219661e+01
  3.25721905599952e+01  3.22793108876066e+01  3.19675528757031e+01
  3.16395524363704e+01  3.12981618183932e+01  3.09464374661905e+01
  3.05876249593937e+01  3.02251409410654e+01  2.98625520027105e+01
  2.95035505005365e+01  2.91519273558335e+01  2.88115418815203e+01
  2.84862887876188e+01  2.81800624999926e+01  2.78967190350895e+01
  2.76400356839395e+01  2.74136688373081e+01  2.72211103222336e+01
  2.70656426818496e+01  2.69502938757068e+01  2.68777919228678e+01
  2.68505200655102e+01  2.68704730537139e+01  2.69392151981529e+01
  2.70578408575590e+01  2.72269380447231e+01  2.74465558472512e+01
  2.77161763548782e+01  2.80346917746534e+01  2.84003873888686e+01
  2.88109309802453e+01  2.92633692884468e+01  2.97541320179221e+01
  3.02790438200125e+01  3.08333446074657e+01  3.14117184381829e+01
  3.20083311135159e+01  3.26168764925074e+01  3.32306314178892e+01
  3.38425189823301e+01  3.44451797433271e+01  3.50310503304947e+01
  3.55924487451973e+01  3.61216655021105e+01  3.66110596204330e+01
  3.70531583236637e+01  3.74407591936071e+01  3.77670333877699e+01
  3.80256284450699e+01  3.82107691071417e+01  3.83173545264883e+01
  3.83410501885876e+01  3.82783728638891e+01  3.81267669094683e+01
  3.78846703007235e+01  3.75515688183962e+01  3.71280369611674e+01
  3.66157642482867e+01  3.60175657928785e+01  3.53373761969250e+01
  3.45802260813163e+01  3.37522008124993e+01  3.28603813054299e+01
  3.19127670710679e+01  3.09181820565053e+01  2.98861641323512e+01
  2.88268394924250e+01  2.77507835484057e+01  2.66688702900459e+01
  2.55921123913374e+01  2.45314946706816e+01  2.34978037580097e+01
  2.25014570708221e+01  2.15523343205988e+01  2.06596149001327e+01
  1.98316244781135e+01  1.90756940754037e+01  1.83980347297129e+01
  1.78036306084781e+01  1.72961530958371e+01  1.68778979882509e+01
  1.65497474349101e+01  1.63111577661600e+01  1.61601737633045e+01
  1.60934693531853e+01  1.61064141094378e+01  1.61931643526980e+01
  1.63467770704136e+01  1.65593443333498e+01  1.68221453885659e+01
  1.71258131665451e+01  1.74605115702399e+01  1.78161196300381e+01
  1.81824184228199e+01  1.85492765782846e+01  1.89068302380539e+01
  1.92456534947596e+01  1.95569156212917e+01  1.98325217894902e+01
  2.00652344707727e+01  2.02487732784359e+01  2.03778916442205e+01
  2.04484293856660e+01  2.04573408977483e+01  2.04026993650170e+01
  2.02836780130366e+01  2.01005099842349e+01  1.98544289102193e+01
  1.95475926505166e+01  1.91829929660048e+01  1.87643540897001e+01
  1.82960232501701e+01  1.77828561950703e+01  1.72301006653742e+01
  1.66432805968078e+01  1.60280835788673e+01  1.53902538124445e+01
  1.47354924721791e+01  1.40693670291189e+01  1.33972307255632e+01
  1.27241530359605e+01  1.20548616024203e+01  1.13936958132611e+01
  1.07445718976154e+01  1.01109591543821e+01  9.49586671418788e+00
  8.90184004772948e+00  8.33096629907682e+00  7.78488741533945e+00
  7.26481997750473e+00  6.77158060932213e+00  6.30561583291146e+00
  5.86703527117157e+00  5.45564714158046e+00  5.07099505682262e+00
  4.71239523084200e+00  4.37897328499238e+00  4.06969995361850e+00
  3.78342509718697e+00  3.51890954194209e+00  3.27485437461007e+00
  3.04992742476384e+00  2.84278676940046e+00  2.65210118055759e+00
  2.47656752306138e+00  2.31492517568755e+00  2.16596761071814e+00
  2.02855131338900e+00  1.90160225852966e+00  1.78412018728671e+00
  1.67518094114733e+00  1.57393711612630e+00  1.47961729772730e+00
  1.39152412757782e+00  1.30903143841298e+00  1.23158067481882e+00
  1.15867679574712e+00  1.08988383120175e+00  1.02482024157261e+00
  9.63154204156059e-01  9.04598928695804e-01  8.48908082343707e-01
  7.95871385372348e-01  7.45310421768811e-01  6.97074694464038e-01
  6.51037942686738e-01  6.07094729324658e-01  5.65157298594230e-01
  5.25152698935013e-01  4.87020162279210e-01  4.50708728712179e-01
  4.16175104481104e-01  3.83381741272925e-01  3.52295125204071e-01
  3.22884264950609e-01  2.95119369556543e-01  2.68970707575434e-01
  2.44407640253932e-01  2.21397822018743e-01  1.99906562109451e-01
  1.79896341051825e-01  1.61326475446885e-01  1.44152923763996e-01
  1.28328224975942e-01  1.13801560557573e-01  1.00518929206416e-01
  8.84234221544017e-02  7.74555857712967e-02  6.75538569411537e-02
  5.86550558457187e-02  5.06949201680214e-02  4.36086645273566e-02
  3.73315491167765e-02  3.17994421246503e-02  2.69493615141424e-02
  2.27199831377435e-02  1.90521038773599e-02  1.58890505094819e-02
  1.31770271770876e-02  1.08653966581284e-02  8.90689293122076e-03
  7.25776479130887e-03  5.87785235603618e-03  4.73060017319831e-03
  3.78301221722479e-03  3.00555531893935e-03  2.37201847251977e-03
  1.85933601048110e-03  1.44738283517232e-03  1.11874977636319e-03
  8.58506745145299e-04  6.53960725678348e-04  4.94414841436572e-04
  3.70933811175966e-04  2.76120123434215e-04  2.03904264353727e-04
  1.49351368144434e-04  1.08485772788970e-04  7.81341614912236e-05
  5.57873006925267e-05  3.94798242207127e-05  2.76870864267841e-05
  1.92378078083058e-05  1.32410218557014e-05  9.02575399013017e-06
  6.09181974012176e-06  4.07018907241871e-06  2.69144424372039e-06
  1.76098429477723e-06  1.13977093670888e-06  7.29559924319641e-07
  4.61712351088346e-07  2.88822753092489e-07  1.78533370808521e-07
  1.09021063102549e-07  6.57469776207058e-08  3.91455826556538e-08
  2.30035713328237e-08  1.33374344034635e-08  7.62729567165463e-09
  4.30070534072923e-09  2.39018081470928e-09  1.30881985204550e-09
  7.05891262722579e-10  3.74818462583011e-10  1.95874594216332e-10
  1.00696882661123e-10  5.09049473947275e-11  2.52951390599084e-11
  1.23498178815008e-11  5.92156770899863e-12  2.78719246537503e-12
  1.28720537687585e-12  5.83002934603380e-13  2.58834343831045e-13
  1.12585521990808e-13  4.79542642088484e-14  1.99906277058469e-14
  8.15169380437559e-15  3.24966140573716e-15  1.26582248224214e-15
  4.81640983948832e-16  1.78866197497901e-16  6.47895173033611e-17
  2.28762066217413e-17  7.86854365194622e-18  2.63486385570018e-18
  8.58440140288949e-19  2.71789789640492e-19  8.36089083516218e-20
  2.49674327349135e-20  7.23227544902810e-21  2.03060661718699e-21
  5.52189948641317e-22  1.45317207941744e-22  3.69791698747924e-23
  9.09172136050397e-24  2.15780703346947e-24  4.93942656394591e-25
  1.08955430946186e-25  2.31383044958474e-26  4.72625435146597e-27
  9.27659785519271e-28  1.74791383207682e-28  3.15845541023159e-29
  5.46772634752536e-30
  8.57961410457346e-25  9.78774144939509e-25  1.11659446394579e-24
  1.27381588441041e-24  1.45316864778260e-24  1.65776706986290e-24
  1.89116354542991e-24  2.15741014235380e-24  2.46112885108056e-24
  2.80759170491271e-24  3.20281215714710e-24  3.65364929545790e-24
  4.16792669573026e-24  4.75456797025795e-24  5.42375135345416e-24
  6.18708599676894e-24  7.05781301910912e-24  8.05103478611742e-24
  9.18397637849401e-24  1.04762837646193e-23  1.19503638253289e-23
  1.36317721000976e-23  1.55496549458978e-23  1.77372537373336e-23
  2.02324798048564e-23  2.30785700255628e-23  2.63248343690646e-23
  3.00275082827676e-23  3.42507246040753e-23  3.90676217418876e-23
  4.45616072119339e-23  5.08277982794969e-23  5.79746645052447e-23
  6.61259004558671e-23  7.54225607922457e-23  8.60254944486313e-23
  9.81181197463266e-23  1.11909588129793e-22  1.27638390872931e-22
  1.45576470690869e-22  1.66033908838291e-22  1.89364268124008e-22
  2.15970683493377e-22  2.46312804612726e-22  2.80914709452639e-22
  3.20373924455094e-22  3.65371705765266e-22  4.16684757530752e-22
  4.75198587786488e-22  5.41922730361370e-22  6.18008093043481e-22
  7.04766728450389e-22  8.03694365291907e-22  9.16496084670775e-22
  1.04511557953961e-21  1.19176849631487e-21  1.35898042697306e-21
  1.54963019886844e-21  1.76699919937210e-21  2.01482757469767e-21
  2.29737825872456e-21  2.61950992014286e-21  2.98676006709192e-21
  3.40543972013324e-21  3.88274125978279e-21  4.42686127714141e-21
  5.04714050918566e-21  5.75422322811568e-21  6.56023878170913e-21
  7.47900835423076e-21  8.52628044134590e-21  9.71999901467930e-21
  1.10806089001048e-20  1.26314035176878e-20  1.43989208405563e-20
  1.64133942368222e-20  1.87092657759174e-20  2.13257706238162e-20
  2.43076023373857e-20  2.77056702162002e-20  3.15779614024297e-20
  3.59905221612530e-20  4.10185747534649e-20  4.67477885616599e-20
  5.32757266871936e-20  6.07134921394300e-20  6.91876010380710e-20
  7.88421139972945e-20  8.98410611175783e-20  1.02371200845809e-19
  1.16645158455248e-19  1.32904996130636e-19  1.51426273722967e-19
  1.72522667273112e-19  1.96551221525189e-19  2.23918323002476e-19
  2.55086491966671e-19  2.90582104911323e-19  3.31004174364577e-19
  3.77034329932178e-19  4.29448163972127e-19  4.89128127361555e-19
  5.57078185842485e-19  6.34440475806480e-19  7.22514230546182e-19
  8.22777284458017e-19  9.36910504003843e-19  1.06682554105776e-18
  1.21469635731308e-18  1.38299502851655e-18  1.57453240535769e-18
  1.79250428491750e-18  2.04054383385024e-18  2.32278110326856e-18
  2.64391058712724e-18  3.00926790245214e-18  3.42491681295681e-18
  3.89774797958069e-18  4.43559100471537e-18  5.04734154410223e-18
  5.74310549467495e-18  6.53436253148899e-18  7.43415156624219e-18
  8.45728103818437e-18  9.62056733043030e-18  1.09431050364305e-17
  1.24465732889683e-17  1.41555829146023e-17  1.60980697980521e-17
  1.83057405425128e-17  2.08145773035373e-17  2.36654095672143e-17
  2.69045616507609e-17  3.05845858396551e-17  3.47650923562978e-17
  3.95136887988516e-17  4.49070433160388e-17  5.10320876166917e-17
  5.79873779778926e-17  6.58846347408715e-17  7.48504834021328e-17
  8.50284233543303e-17  9.65810536482879e-17  1.09692588878696e-16
  1.24571702493938e-16  1.41454739549990e-16  1.60609346235570e-16
  1.82338569460172e-16  2.06985486499306e-16  2.34938432221582e-16
  2.66636899879059e-16  3.02578200940244e-16  3.43324980103652e-16
  3.89513693597973e-16  4.41864172295700e-16  5.01190406229779e-16
  5.68412703988381e-16  6.44571399398863e-16  7.30842299133952e-16
  8.28554088658582e-16  9.39207940575527e-16  1.06449959927868e-15
  1.20634424922871e-15  1.36690451158702e-15  1.54862195580076e-15
  1.75425255958747e-15  1.98690660316552e-15  2.25009354219520e-15
  2.54777246940593e-15  2.88440884816686e-15  3.26503828308101e-15
  3.69533818418923e-15  4.18170828350493e-15  4.73136107674065e-15
  5.35242339039511e-15  6.05405041682993e-15  6.84655371815175e-15
  7.74154487764711e-15  8.75209667402885e-15  9.89292387507373e-15
  1.11805859922925e-14  1.26337146123393e-14  1.42732682265193e-14
  1.61228178191575e-14  1.82088668562087e-14  2.05612097359557e-14
  2.32133332357830e-14  2.62028660122105e-14  2.95720817940526e-14
  3.33684625594972e-14  3.76453287100145e-14  4.24625440570798e-14
  4.78873043370804e-14  5.39950189604001e-14  6.08702968135108e-14
  6.86080481643625e-14  7.73147160888010e-14  8.71096523687526e-14
  9.81266544969387e-14  1.10515682322853e-13  1.24444774950512e-13
  1.40102190858315e-13  1.57698796760365e-13  1.77470733659497e-13
  1.99682391683521e-13  2.24629728915373e-13  2.52643973320810e-13
  2.84095751318500e-13  3.19399691394095e-13  3.59019556583761e-13
  4.03473965697829e-13  4.53342769852689e-13  5.09274158287102e-13
  5.71992575797185e-13  6.42307543213624e-13  7.21123482649612e-13
  8.09450660589689e-13  9.08417374435049e-13  1.01928352232505e-12
  1.14345571141110e-12  1.28250407740767e-12  1.43818100714759e-12
  1.61244197777405e-12  1.80746874949331e-12  2.02569517593269e-12
  2.26983592503656e-12  2.54291843685968e-12  2.84831848045231e-12
  3.18979971352986e-12  3.57155769266199e-12  3.99826883372103e-12
  4.47514487622588e-12  5.00799347028499e-12  5.60328557162954e-12
  6.26823041027031e-12  7.01085888299595e-12  7.84011631663292e-12
  8.76596565777527e-12  9.79950226137588e-12  1.09530815889086e-11
  1.22404612707930e-11  1.36769591592887e-11  1.52796291805289e-11
  1.70674570051467e-11  1.90615777860163e-11  2.12855184775555e-11
  2.37654675321895e-11  2.65305751075643e-11  2.96132872690745e-11
  3.30497180925310e-11  3.68800640180314e-11  4.11490653293018e-11
  4.59065201967602e-11  5.12078573770963e-11  5.71147743801204e-11
  6.36959487278346e-11  7.10278308464825e-11  7.91955281578839e-11
  8.82937910891518e-11  9.84281130278287e-11  1.09715957701172e-10
  1.22288129120116e-10  1.36290301077755e-10  1.51884725289986e-10
  1.69252139636476e-10  1.88593900619204e-10  2.10134367177126e-10
  2.34123566407038e-10  2.60840175574274e-10  2.90594859179680e-10
  3.23734004757655e-10  3.60643906674795e-10  4.01755453528152e-10
  4.47549381897697e-10  4.98562167355705e-10  5.55392632855582e-10
  6.18709365077531e-10  6.89259041227439e-10  7.67875782294541e-10
  8.55491664070309e-10  9.53148534806056e-10  1.06201130813033e-09
  1.18338292250044e-09  1.31872118428051e-09  1.46965774062154e-09
  1.63801946203568e-09  1.82585255223369e-09  2.03544974656735e-09
  2.26938100942345e-09  2.53052819814100e-09  2.82212422394134e-09
  3.14779731624980e-09  3.51162107756002e-09  3.91817111511694e-09
  4.37258914214005e-09  4.88065556870799e-09  5.44887174366951e-09
  6.08455317226042e-09  6.79593522267500e-09  7.59229304400365e-09
  8.48407766594536e-09  9.48307052740585e-09  1.06025589975883e-08
  1.18575358222698e-08  1.32649258407191e-08  1.48438437933010e-08
  1.66158875932407e-08  1.86054720444096e-08  2.08402087142436e-08
  2.33513384718867e-08  2.61742241460820e-08  2.93489117985727e-08
  3.29207703605648e-08  3.69412207345846e-08  4.14685670586211e-08
  4.65689446939502e-08  5.23174014694252e-08  5.87991312010999e-08
  6.61108811340489e-08  7.43625580416543e-08  8.36790613265849e-08
  9.42023753437056e-08  1.06093957941981e-07  1.19537467265297e-07
  1.34741875002957e-07  1.51945020930138e-07  1.71417671485530e-07
  1.93468153767800e-07  2.18447646726733e-07  2.46756222264728e-07
  2.78849742696669e-07  3.15247734973860e-07  3.56542379877195e-07
  4.03408772579158e-07  4.56616633640628e-07  5.17043673238898e-07
  5.85690840602276e-07  6.63699720753522e-07  7.52372378865845e-07
  8.53193990590690e-07  9.67858646087628e-07  1.09829876366689e-06
  1.24671861333820e-06  1.41563251030461e-06  1.60790832166513e-06
  1.82681700728874e-06  2.07608901540864e-06  2.35997846315527e-06
  2.68333614609276e-06  3.05169256779518e-06  3.47135232400080e-06
  3.94950135370915e-06  4.49432876269800e-06  5.11516513711390e-06
  5.82263950913590e-06  6.62885741112383e-06  7.54760274596869e-06
  8.59456655005765e-06  9.78760609764626e-06  1.11470381979205e-05
  1.26959710320961e-05  1.44606793564210e-05  1.64710284845563e-05
  1.87609531214736e-05  2.13689977305197e-05  2.43389260170152e-05
  2.77204078174497e-05  3.15697927221628e-05  3.59509807292033e-05
  4.09364013058399e-05  4.66081136215195e-05  5.30590416970814e-05
  6.03943601967703e-05  6.87330475016580e-05  7.82096250296671e-05
  8.89761031246503e-05  1.01204156023057e-04  1.15087550574385e-04
  1.30844855237825e-04  1.48722459091864e-04  1.68997931854517e-04
  1.91983760123892e-04  2.18031496344708e-04  2.47536361036541e-04
  2.80942341239179e-04  3.18747831470915e-04  3.61511866347178e-04
  4.09860997954051e-04  4.64496872785369e-04  5.26204568165215e-04
  5.95861748910524e-04  6.74448709438420e-04  7.63059368529332e-04
  8.62913285064255e-04  9.75368767550586e-04  1.10193714713180e-03
  1.24429828890148e-03  1.40431741244447e-03  1.58406329191950e-03
  1.78582790492088e-03  2.01214759298617e-03  2.26582579189175e-03
  2.54995738313257e-03  2.86795470736517e-03  3.22357526787239e-03
  3.62095114182645e-03  4.06462009212221e-03  4.55955836157406e-03
  5.11121509900598e-03  5.72554834587549e-03  6.40906247412058e-03
  7.16884694433999e-03  8.01261618408092e-03  8.94875039663837e-03
  9.98633698091843e-03  1.11352122871212e-02  1.24060032811899e-02
  1.38101687010254e-02  1.53600391719871e-02  1.70688557136704e-02
  1.89508059534556e-02  2.10210573302915e-02  2.32957864649391e-02
  2.57922037421074e-02  2.85285722175870e-02  3.15242196347019e-02
  3.47995425181522e-02  3.83760010197334e-02  4.22761032260805e-02
  4.65233775774185e-02  5.11423318467953e-02  5.61583974171515e-02
  6.15978570037924e-02  6.74877547126410e-02  7.38557865503069e-02
  8.07301702176107e-02  8.81394926677083e-02  9.61125342032578e-02
  1.04678068070141e-01  1.13864634559441e-01  1.23700289131417e-01
  1.34212324109340e-01  1.45426964075067e-01  1.57369035438257e-01
  1.70061611071334e-01  1.83525631569164e-01  1.97779505160167e-01
  2.12838688877747e-01  2.28715254436856e-01  2.45417442590705e-01
  2.62949210735226e-01  2.81309778850743e-01  3.00493179645577e-01
  3.20487819202757e-01  3.41276054879925e-01  3.62833797706462e-01
  3.85130146555275e-01  4.08127062117267e-01  4.31779088271598e-01
  4.56033129360861e-01  4.80828291541711e-01  5.06095797025721e-01
  5.31758980152082e-01  5.57733374439376e-01  5.83926899911046e-01
  6.10240159587902e-01  6.36566853362098e-01  6.62794315976047e-01
  6.88804183723054e-01  7.14473191557337e-01  7.39674098896084e-01
  7.64276738350601e-01  7.88149177579516e-01  8.11158980210584e-01
  8.33174547988000e-01  8.54066522443809e-01  8.73709222005074e-01
  8.91982087297531e-01  9.08771106811124e-01  9.23970193598801e-01
  9.37482484557221e-01  9.49221534628399e-01  9.59112380514512e-01
  9.67092451354279e-01  9.73112307434622e-01  9.77136192273785e-01
  9.79142388074790e-01  9.79123369473344e-01  9.77085755550418e-01
  9.73050064933450e-01  9.67050283480992e-01  9.59133258159361e-01
  9.49357934368521e-01  9.37794456833147e-01  9.24523156393671e-01
  9.09633446359907e-01  8.93222652755283e-01  8.75394802578895e-01
  8.56259393459580e-01  8.35930166598858e-01  8.14523903058879e-01
  7.92159261107286e-01  7.68955669848104e-01  7.45032291615471e-01
  7.20507062940495e-01  6.95495821141026e-01  6.70111521229655e-01
  6.44463545266246e-01  6.18657104249095e-01  5.92792731412420e-01
  5.66965862991872e-01  5.41266503260770e-01  5.15778967550762e-01
  4.90581698436552e-01  4.65747148267673e-01  4.41341722037914e-01
  4.17425774212257e-01  3.94053653233314e-01  3.71273787943798e-01
  3.49128810200818e-01  3.27655708575294e-01  3.06886008303103e-01
  2.86845973153507e-01  2.67556825278479e-01  2.49034979544345e-01
  2.31292289148014e-01  2.14336299885265e-01  1.98170510502809e-01
  1.82794637026929e-01  1.68204879253517e-01  1.54394187565090e-01
  1.41352528739498e-01  1.29067149280216e-01  1.17522835077468e-01
  1.06702166288332e-01  9.65857663335805e-02  8.71525441097531e-02
  7.83799284763517e-02  7.02440942498838e-02  6.27201789697766e-02
  5.57824898196340e-02  4.94047001793784e-02  4.35600353870508e-02
  3.82214473908456e-02  3.33617780814519e-02  2.89539111809803e-02
  2.49709126718180e-02  2.13861598171843e-02  1.81734589133262e-02
  1.53071519662362e-02  1.27622125480724e-02  1.05143311247105e-02
  8.53999018459985e-03  6.81652951768717e-03  5.32220201303911e-03
  4.03622034761274e-03  2.93879494407909e-03  2.01116356977063e-03
  1.23561294669849e-03  5.95492732991171e-04  7.52222225200855e-05
 -3.39709876053938e-04 -6.62752250110810e-04 -9.06304031048983e-04
 -1.08173373036338e-03 -1.19940370205144e-03 -1.26869975238006e-03
 -1.29806549712556e-03 -1.29504103985916e-03 -1.26630551474564e-03
 -1.21772300638341e-03 -1.15439132726719e-03 -1.08069310207052e-03
 -1.00034858537074e-03 -9.16469615255568e-04 -8.31614097459618e-04
 -7.47840411488957e-04 -6.66761138717465e-04 -5.89595536088527e-04
 -5.17220212031022e-04 -4.50217507548165e-04 -3.88921143080573e-04
 -3.33458758695918e-04 -2.83791050137139e-04 -2.39747283264516e-04
 -2.01057052275042e-04 -1.67378229528530e-04 -1.38321134439409e-04
 -1.13469022778835e-04 -9.23950638521830e-05 -7.46760292694497e-05
 -5.99029622610154e-05 -4.76891297463324e-05 -3.76755805724515e-05
 -2.95346427132773e-05 -2.29716907136239e-05 -1.77255034130239e-05
 -1.35675126503235e-05 -1.03002179115403e-05 -7.75501165257350e-06
 -5.78962698685405e-06 -4.28538558305843e-06 -3.14438981589033e-06
 -2.28677175040397e-06 -1.64808203677437e-06 -1.17687616062461e-06
 -8.32533533969826e-07 -5.83326200700095e-07 -4.04740255429446e-07
 -2.78041386745561e-07 -1.89068903130419e-07 -1.27237274576844e-07
 -8.47216941575098e-08 -5.58032839331441e-08 -3.63500430510304e-08
 -2.34110921841793e-08 -1.49038270983615e-08 -9.37599560357984e-09
 -5.82721064119216e-09 -3.57687929393983e-09 -2.16780705577642e-09
 -1.29681679256006e-09 -7.65495723731245e-10 -4.45732604441968e-10
 -2.55934691973467e-10 -1.44864542066238e-10 -8.08009591535993e-11
 -4.43962416778895e-11 -2.40201330186299e-11 -1.27925406517058e-11
 -6.70352745687760e-12 -3.45498749873531e-12 -1.75073098118695e-12
 -8.71849902532991e-13 -4.26506777308524e-13 -2.04870739631388e-13
 -9.65843605994702e-14 -4.46688453433452e-14 -2.02566160914271e-14
 -9.00287531616246e-15 -3.91949769685375e-15 -1.67067481687772e-15
 -6.96843784798602e-16 -2.84262023453994e-16 -1.13343483041788e-16
 -4.41538335435751e-17 -1.68029554214794e-17 -6.23995004913171e-18
 -2.25991842747808e-18 -7.97725002716561e-19 -2.74342328818124e-19
 -9.19174518452981e-20 -3.00366809745475e-20 -9.55523558050521e-21
 -2.95198369804132e-21 -8.85024297988399e-22 -2.57301633269953e-22
 -7.24844838942087e-23 -1.97707511576180e-23 -5.21709236759023e-24
 -1.33077209813056e-24 -3.27855084933538e-25 -7.79447683618102e-26
 -1.78662239627101e-26 -3.94478410792868e-27 -8.38208341075657e-28
 -1.71238745180291e-28 -3.36004917634430e-29 -6.32621406292221e-30
 -1.14168558222985e-30
 (i6, f12.0, f18.0, f8.3, i6)
   670  60.0000000  0.02500000000000  28.000     2
 (3e22.14)
  2.99785627573425e-06  3.14822239435851e-06  3.30613016966889e-06
  3.47195782587794e-06  3.64610255336462e-06  3.82898145956293e-06
  4.02103256751091e-06  4.22271586444778e-06  4.43451440296644e-06
  4.65693545735418e-06  4.89051173788770e-06  5.13580266598153e-06
  5.39339571324488e-06  5.66390780763806e-06  5.94798681010484e-06
  6.24631306518655e-06  6.55960102936020e-06  6.88860098093629e-06
  7.23410081568929e-06  7.59692793238466e-06  7.97795121286759e-06
  8.37808310127818e-06  8.79828178750224e-06  9.23955349997393e-06
  9.70295491336797e-06  1.01895956768870e-05  1.07006410692406e-05
  1.12373147865654e-05  1.18009018700827e-05  1.23927517802841e-05
  1.30142816252360e-05  1.36669795504471e-05  1.43524082986176e-05
  1.50722089476042e-05  1.58281048356227e-05  1.66219056829802e-05
  1.74555119202676e-05  1.83309192331882e-05  1.92502233350962e-05
  2.02156249782949e-05  2.12294352164676e-05  2.22940809303506e-05
  2.34121106302042e-05  2.45862005486442e-05  2.58191610385273e-05
  2.71139432910143e-05  2.84736463899826e-05  2.99015247193465e-05
  3.14009957413214e-05  3.29756481636024e-05  3.46292505156142e-05
  3.63657601535231e-05  3.81893327160839e-05  4.01043320533867e-05
  4.21153406524147e-05  4.42271705840167e-05  4.64448749976156e-05
  4.87737601905750e-05  5.12193982815857e-05  5.37876405172757e-05
  5.64846312448633e-05  5.93168225828416e-05  6.22909898256247e-05
  6.54142476180089e-05  6.86940669383464e-05  7.21382929304218e-05
  7.57551636268341e-05  7.95533296076303e-05  8.35418746419439e-05
  8.77303373600609e-05  9.21287340093007e-05  9.67475823456367e-05
  1.01597926719483e-04  1.06691364413862e-04  1.12040073298158e-04
  1.17656840862398e-04  1.23555094701607e-04  1.29748934521215e-04
  1.36253165741024e-04  1.43083334775155e-04  1.50255766073567e-04
  1.57787601011007e-04  1.65696838716641e-04  1.74002378939672e-04
  1.82724067053927e-04  1.91882741305006e-04  2.01500282415446e-04
  2.11599665660214e-04  2.22205015540203e-04  2.33341663178665e-04
  2.45036206578640e-04  2.57316573881724e-04  2.70212089778388e-04
  2.83753545224634e-04  2.97973270631508e-04  3.12905212695863e-04
  3.28585015058439e-04  3.45050102971957e-04  3.62339772185247e-04
  3.80495282245915e-04  3.99559954444852e-04  4.19579274629544e-04
  4.40601001129216e-04  4.62675278041961e-04  4.85854754153207e-04
  5.10194707757406e-04  5.35753177683953e-04  5.62591100821996e-04
  5.90772456477321e-04  6.20364417887827e-04  6.51437511258332e-04
  6.84065782680743e-04  7.18326973331777e-04  7.54302703351443e-04
  7.92078664836876e-04  8.31744824389212e-04  8.73395635699165e-04
  9.17130262645080e-04  9.63052813440788e-04  1.01127258635806e-03
  1.06190432760464e-03  1.11506850194627e-03  1.17089157670345e-03
  1.22950631977082e-03  1.29105211235764e-03  1.35567527715171e-03
  1.42352942268736e-03  1.49477580467630e-03  1.56958370516466e-03
  1.64813083035624e-03  1.73060372803396e-03  1.81719822552120e-03
  1.90811988919347e-03  2.00358450657602e-03  2.10381859214613e-03
  2.20905991796244e-03  2.31955807036205e-03  2.43557503395400e-03
  2.55738580426131e-03  2.68527903037653e-03  2.81955768910284e-03
  2.96053979207314e-03  3.10855912748508e-03  3.26396603805454e-03
  3.42712823701400e-03  3.59843166390362e-03  3.77828138213654e-03
  3.96710252029631e-03  4.16534125929210e-03  4.37346586754688e-03
  4.59196778654310e-03  4.82136276908908e-03  5.06219207288634e-03
  5.31502371193860e-03  5.58045376867257e-03  5.85910776953082e-03
  6.15164212715441e-03  6.45874565223272e-03  6.78114113836228e-03
  7.11958702332560e-03  7.47487913043790e-03  7.84785249365642e-03
  8.23938327049725e-03  8.65039074671607e-03  9.08183943724790e-03
  9.53474128769005e-03  1.00101579811964e-02  1.05092033555549e-02
  1.10330459356434e-02  1.15829115865450e-02  1.21600862929759e-02
  1.27659190707262e-02  1.34018250163700e-02  1.40692885013167e-02
  1.47698665171491e-02  1.55051921787896e-02  1.62769783929898e-02
  1.70870216994181e-02  1.79372062922940e-02  1.88295082306060e-02
  1.97659998455265e-02  2.07488543536483e-02  2.17803506855600e-02
  2.28628785388749e-02  2.39989436662570e-02  2.51911734082084e-02
  2.64423224819222e-02  2.77552790370444e-02  2.91330709902319e-02
  3.05788726504445e-02  3.20960116477833e-02  3.36879761785826e-02
  3.53584225808722e-02  3.71111832534889e-02  3.89502749344375e-02
  4.08799073525926e-02  4.29044922693287e-02  4.50286529256855e-02
  4.72572339122939e-02  4.95953114791693e-02  5.20482043037796e-02
  5.46214847353814e-02  5.73209905358180e-02  6.01528371352612e-02
  6.31234304251295e-02  6.62394801075040e-02  6.95080136243882e-02
  7.29363906881236e-02  7.65323184367368e-02  8.03038672374147e-02
  8.42594871631761e-02  8.84080251666639e-02  9.27587429783807e-02
  9.73213357532203e-02  1.02105951495214e-01  1.07123211284775e-01
  1.12384230339212e-01  1.17900639933133e-01  1.23684610209020e-01
  1.29748873906615e-01  1.36106751042304e-01  1.42772174566921e-01
  1.49759717035431e-01  1.57084618316038e-01  1.64762814373245e-01
  1.72810967153283e-01  1.81246495605257e-01  1.90087607867192e-01
  1.99353334650796e-01  2.09063563851033e-01  2.19239076417285e-01
  2.29901583507649e-01  2.41073764963325e-01  2.52779309124208e-01
  2.65042954017092e-01  2.77890529939034e-01  2.91349003461779e-01
  3.05446522876406e-01  3.20212465102375e-01  3.35677484071636e-01
  3.51873560612132e-01  3.68834053829993e-01  3.86593754011269e-01
  4.05188937036313e-01  4.24657420314518e-01  4.45038620229515e-01
  4.66373611088321e-01  4.88705185553292e-01  5.12077916542162e-01
  5.36538220554424e-01  5.62134422404110e-01  5.88916821291192e-01
  6.16937758179526e-01  6.46251684396557e-01  6.76915231393016e-01
  7.08987281566169e-01  7.42529040053053e-01  7.77604107370671e-01
  8.14278552788337e-01  8.52620988265734e-01  8.92702642825928e-01
  9.34597437143762e-01  9.78382058190705e-01  1.02413603367973e+00
  1.07194180609197e+00  1.12188480600193e+00  1.17405352442041e+00
  1.22853958381891e+00  1.28543780751193e+00  1.34484628697905e+00
  1.40686644677061e+00  1.47160310648131e+00  1.53916453938300e+00
  1.60966252713397e+00  1.68321241005084e+00  1.75993313231169e+00
  1.83994728147225e+00  1.92338112156852e+00  2.01036461912156e+00
  2.10103146118191e+00  2.19551906467518e+00  2.29396857603733e+00
  2.39652486031700e+00  2.50333647863280e+00  2.61455565301736e+00
  2.73033821743550e+00  2.85084355392459e+00  2.97623451243969e+00
  3.10667731331662e+00  3.24234143077630e+00  3.38339945622744e+00
  3.53002693974111e+00  3.68240220829368e+00  3.84070615898531e+00
  4.00512202584418e+00  4.17583511818951e+00  4.35303252910327e+00
  4.53690281196092e+00  4.72763562335726e+00  4.92542133038992e+00
  5.13045058063043e+00  5.34291383250682e+00  5.56300084468962e+00
  5.79090012193967e+00  6.02679831614813e+00  6.27087958017899e+00
  6.52332487306098e+00  6.78431121454458e+00  7.05401088755743e+00
  7.33259058673827e+00  7.62021051201417e+00  7.91702340541897e+00
  8.22317353078549e+00  8.53879559461249e+00  8.86401360836285e+00
  9.19893969111861e+00  9.54367281323606e+00  9.89829748073347e+00
  1.02628823620790e+01  1.06374788573504e+01  1.10221196132229e+01
  1.14168169841172e+01  1.18215614443585e+01  1.22363199533409e+01
  1.26610342791112e+01  1.30956192847317e+01  1.35399611839224e+01
  1.39939157720239e+01  1.44573066411868e+01  1.49299233869172e+01
  1.54115198179779e+01  1.59018121780529e+01  1.64004773938089e+01
  1.69071513605884e+01  1.74214272819104e+01  1.79428540771373e+01
  1.84709348765300e+01  1.90051256190705e+01  1.95448337771873e+01
  2.00894172243229e+01  2.06381832729533e+01  2.11903879023644e+01
  2.17452352042505e+01  2.23018770692564e+01  2.28594131449144e+01
  2.34168910874796e+01  2.39733071433562e+01  2.45276070804656e+01
  2.50786875073252e+01  2.56253976020057e+01  2.61665412848561e+01
  2.67008798603400e+01  2.72271351575801e+01  2.77439931930448e+01
  2.82501083832972e+01  2.87441083245438e+01  2.92245991651774e+01
  2.96901715772393e+01  3.01394073513125e+01  3.05708866072543e+01
  3.09831956371154e+01  3.13749353643355e+01  3.17447304171510e+01
  3.20912387928290e+01  3.24131620912783e+01  3.27092562787657e+01
  3.29783429446872e+01  3.32193209893370e+01  3.34311786898215e+01
  3.36130060552657e+01  3.37640074028281e+01  3.38835140373443e+01
  3.39709969441676e+01  3.40260793590390e+01  3.40485490932861e+01
  3.40383704618900e+01  3.39956956698081e+01  3.39208754786472e+01
  3.38144689976502e+01  3.36772523984564e+01  3.35102263847908e+01
  3.33146222111318e+01  3.30919060665348e+01  3.28437816219899e+01
  3.25721905599992e+01  3.22793108876447e+01  3.19675528757159e+01
  3.16395524364029e+01  3.12981618184232e+01  3.09464374662231e+01
  3.05876249594183e+01  3.02251409411150e+01  2.98625520027298e+01
  2.95035505006133e+01  2.91519273558764e+01  2.88115418815824e+01
  2.84862887876820e+01  2.81800625000609e+01  2.78967190351631e+01
  2.76400356840315e+01  2.74136688373783e+01  2.72211103223612e+01
  2.70656426820063e+01  2.69502938757819e+01  2.68777919230300e+01
  2.68505200656383e+01  2.68704730537890e+01  2.69392151982810e+01
  2.70578408576920e+01  2.72269380448190e+01  2.74465558473850e+01
  2.77161763549351e+01  2.80346917747581e+01  2.84003873889917e+01
  2.88109309803083e+01  2.92633692885261e+01  2.97541320179307e+01
  3.02790438200809e+01  3.08333446075084e+01  3.14117184382587e+01
  3.20083311136167e+01  3.26168764925745e+01  3.32306314180138e+01
  3.38425189824266e+01  3.44451797434392e+01  3.50310503306400e+01
  3.55924487453253e+01  3.61216655023027e+01  3.66110596205952e+01
  3.70531583238646e+01  3.74407591937767e+01  3.77670333879839e+01
  3.80256284452628e+01  3.82107691073844e+01  3.83173545266767e+01
  3.83410501889075e+01  3.82783728641000e+01  3.81267669099166e+01
  3.78846703012619e+01  3.75515688188419e+01  3.71280369617662e+01
  3.66157642487146e+01  3.60175657934486e+01  3.53373761976206e+01
  3.45802260820033e+01  3.37522008131895e+01  3.28603813058813e+01
  3.19127670715494e+01  3.09181820569341e+01  2.98861641328724e+01
  2.88268394929554e+01  2.77507835490351e+01  2.66688702903557e+01
  2.55921123919723e+01  2.45314946709021e+01  2.34978037587135e+01
  2.25014570710558e+01  2.15523343212145e+01  2.06596149005488e+01
  1.98316244785661e+01  1.90756940756702e+01  1.83980347301150e+01
  1.78036306084760e+01  1.72961530962565e+01  1.68778979883854e+01
  1.65497474350983e+01  1.63111577663978e+01  1.61601737635904e+01
  1.60934693535155e+01  1.61064141098113e+01  1.61931643531096e+01
  1.63467770708622e+01  1.65593443338308e+01  1.68221453890768e+01
  1.71258131670819e+01  1.74605115707994e+01  1.78161196306159e+01
  1.81824184234134e+01  1.85492765788883e+01  1.89068302386655e+01
  1.92456534953742e+01  1.95569156219049e+01  1.98325217900964e+01
  2.00652344713738e+01  2.02487732790231e+01  2.03778916447979e+01
  2.04484293862228e+01  2.04573408982872e+01  2.04026993655323e+01
  2.02836780135268e+01  2.01005099846993e+01  1.98544289106541e+01
  1.95475926509232e+01  1.91829929663818e+01  1.87643540900374e+01
  1.82960232504846e+01  1.77828561953453e+01  1.72301006656229e+01
  1.66432805970245e+01  1.60280835790531e+01  1.53902538126029e+01
  1.47354924723086e+01  1.40693670292221e+01  1.33972307256386e+01
  1.27241530359989e+01  1.20548616024456e+01  1.13936958133219e+01
  1.07445718975968e+01  1.01109591544212e+01  9.49586671420112e+00
  8.90184004770308e+00  8.33096629908290e+00  7.78488741528865e+00
  7.26481997747926e+00  6.77158060927800e+00  6.30561583286050e+00
  5.86703527112235e+00  5.45564714151755e+00  5.07099505676103e+00
  4.71239523077216e+00  4.37897328491895e+00  4.06969995354068e+00
  3.78342509710452e+00  3.51890954185699e+00  3.27485437452060e+00
  3.04992742467700e+00  2.84278676930241e+00  2.65210118046199e+00
  2.47656752295714e+00  2.31492517558114e+00  2.16596761060887e+00
  2.02855131327450e+00  1.90160225841424e+00  1.78412018716731e+00
  1.67518094102650e+00  1.57393711600347e+00  1.47961729760302e+00
  1.39152412745255e+00  1.30903143828726e+00  1.23158067469277e+00
  1.15867679562152e+00  1.08988383107660e+00  1.02482024144769e+00
  9.63154204033626e-01  9.04598928574520e-01  8.48908082225350e-01
  7.95871385256585e-01  7.45310421656025e-01  6.97074694354678e-01
  6.51037942580954e-01  6.07094729222573e-01  5.65157298496148e-01
  5.25152698840928e-01  4.87020162189130e-01  4.50708728626276e-01
  4.16175104399082e-01  3.83381741194860e-01  3.52295125125620e-01
  3.22884264874099e-01  2.95119369474669e-01  2.68970707505427e-01
  2.44407640193607e-01  2.21397821966873e-01  1.99906562064913e-01
  1.79896341014204e-01  1.61326475415186e-01  1.44152923737545e-01
  1.28328224954466e-01  1.13801560539741e-01  1.00518929191953e-01
  8.84234221428106e-02  7.74555857621378e-02  6.75538569339772e-02
  5.86550558401918e-02  5.06949201637806e-02  4.36086645241715e-02
  3.73315491143798e-02  3.17994421228765e-02  2.69493615128210e-02
  2.27199831367594e-02  1.90521038766092e-02  1.58890505089008e-02
  1.31770271766107e-02  1.08653966577296e-02  8.90689293086431e-03
  7.25776479098519e-03  5.87785235573241e-03  4.73060017291165e-03
  3.78301221695263e-03  3.00555531868392e-03  2.37201847228018e-03
  1.85933601026127e-03  1.44738283497161e-03  1.11874977618370e-03
  8.58506744986528e-04  6.53960725540282e-04  4.94414841318044e-04
  3.70933811075879e-04  2.76120123350659e-04  2.03904264285157e-04
  1.49351368088759e-04  1.08485772744477e-04  7.81341614560806e-05
  5.57873006651575e-05  3.94798241996574e-05  2.76870864108084e-05
  1.92378077963227e-05  1.32410218468415e-05  9.02575398365151e-06
  6.09181973545060e-06  4.07018906909030e-06  2.69144424138013e-06
  1.76098429315204e-06  1.13977093559534e-06  7.29559923565938e-07
  4.61712350585351e-07  2.88822752760899e-07  1.78533370593019e-07
  1.09021062964317e-07  6.57469775332671e-08  3.91455826011182e-08
  2.30035712992827e-08  1.33374343831396e-08  7.62729565951001e-09
  4.30070533359064e-09  2.39018081056764e-09  1.30881984968638e-09
  7.05891261396553e-10  3.74818461850948e-10  1.95874593818623e-10
  1.00696882448645e-10  5.09049472832329e-11  2.52951390024004e-11
  1.23498178523829e-11  5.92156769452143e-12  2.78719245831313e-12
  1.28720537349690e-12  5.83002933018527e-13  2.58834343102494e-13
  1.12585521662850e-13  4.79542640642985e-14  1.99906276435107e-14
  8.15169377808730e-15  3.24966139489896e-15  1.26582247787662e-15
  4.81640982231584e-16  1.78866196838471e-16  6.47895170563322e-17
  2.28762065315834e-17  7.86854361991798e-18  2.63486384462740e-18
  8.58440136564899e-19  2.71789788423162e-19  8.36089079649451e-20
  2.49674326156850e-20  7.23227541336765e-21  2.03060660684883e-21
  5.52189945738520e-22  1.45317207152947e-22  3.69791696675208e-23
  9.09172130788010e-24  2.15780702057131e-24  4.93942653345295e-25
  1.08955430251458e-25  2.31383043434491e-26  4.72625431930763e-27
  9.27659778997836e-28  1.74791381937961e-28  3.15845538652016e-29
  5.46772630509753e-30
 -8.57961410389041e-25 -9.78774144861584e-25 -1.11659446385689e-24
 -1.27381588430900e-24 -1.45316864766691e-24 -1.65776706973092e-24
 -1.89116354527935e-24 -2.15741014218205e-24 -2.46112885088463e-24
 -2.80759170468920e-24 -3.20281215689212e-24 -3.65364929516704e-24
 -4.16792669539844e-24 -4.75456796987942e-24 -5.42375135302236e-24
 -6.18708599627637e-24 -7.05781301854723e-24 -8.05103478547648e-24
 -9.18397637776289e-24 -1.04762837637853e-23 -1.19503638243776e-23
 -1.36317720990124e-23 -1.55496549446599e-23 -1.77372537359216e-23
 -2.02324798032457e-23 -2.30785700237254e-23 -2.63248343669688e-23
 -3.00275082803771e-23 -3.42507246013485e-23 -3.90676217387775e-23
 -4.45616072083863e-23 -5.08277982754506e-23 -5.79746645006295e-23
 -6.61259004506031e-23 -7.54225607862417e-23 -8.60254944417831e-23
 -9.81181197385159e-23 -1.11909588120884e-22 -1.27638390862770e-22
 -1.45576470679281e-22 -1.66033908825074e-22 -1.89364268108933e-22
 -2.15970683476185e-22 -2.46312804593119e-22 -2.80914709430277e-22
 -3.20373924429590e-22 -3.65371705736180e-22 -4.16684757497579e-22
 -4.75198587748658e-22 -5.41922730318228e-22 -6.18008092994281e-22
 -7.04766728394282e-22 -8.03694365227925e-22 -9.16496084597814e-22
 -1.04511557945641e-21 -1.19176849621999e-21 -1.35898042686487e-21
 -1.54963019874507e-21 -1.76699919923143e-21 -2.01482757453728e-21
 -2.29737825854167e-21 -2.61950991993433e-21 -2.98676006685416e-21
 -3.40543971986214e-21 -3.88274125947370e-21 -4.42686127678900e-21
 -5.04714050878388e-21 -5.75422322765763e-21 -6.56023878118691e-21
 -7.47900835363540e-21 -8.52628044066718e-21 -9.71999901390553e-21
 -1.10806088992227e-20 -1.26314035166823e-20 -1.43989208394101e-20
 -1.64133942355157e-20 -1.87092657744281e-20 -2.13257706221185e-20
 -2.43076023354508e-20 -2.77056702139947e-20 -3.15779613999161e-20
 -3.59905221583881e-20 -4.10185747501998e-20 -4.67477885579388e-20
 -5.32757266829529e-20 -6.07134921345973e-20 -6.91876010325639e-20
 -7.88421139910189e-20 -8.98410611104276e-20 -1.02371200837660e-19
 -1.16645158445964e-19 -1.32904996120058e-19 -1.51426273710914e-19
 -1.72522667259380e-19 -1.96551221509545e-19 -2.23918322984654e-19
 -2.55086491946367e-19 -2.90582104888195e-19 -3.31004174338233e-19
 -3.77034329902169e-19 -4.29448163937948e-19 -4.89128127322624e-19
 -5.57078185798147e-19 -6.34440475755984e-19 -7.22514230488677e-19
 -8.22777284392531e-19 -9.36910503929274e-19 -1.06682554097284e-18
 -1.21469635721640e-18 -1.38299502840647e-18 -1.57453240523238e-18
 -1.79250428477484e-18 -2.04054383368785e-18 -2.32278110308371e-18
 -2.64391058691683e-18 -3.00926790221266e-18 -3.42491681268425e-18
 -3.89774797927051e-18 -4.43559100436239e-18 -5.04734154370056e-18
 -5.74310549421790e-18 -6.53436253096900e-18 -7.43415156565057e-18
 -8.45728103751133e-18 -9.62056732966470e-18 -1.09431050355596e-17
 -1.24465732879778e-17 -1.41555829134758e-17 -1.60980697967711e-17
 -1.83057405410561e-17 -2.08145773018808e-17 -2.36654095653310e-17
 -2.69045616486199e-17 -3.05845858372212e-17 -3.47650923535313e-17
 -3.95136887957071e-17 -4.49070433124650e-17 -5.10320876126305e-17
 -5.79873779732779e-17 -6.58846347356283e-17 -7.48504833961764e-17
 -8.50284233475639e-17 -9.65810536406027e-17 -1.09692588869967e-16
 -1.24571702484025e-16 -1.41454739538734e-16 -1.60609346222790e-16
 -1.82338569445663e-16 -2.06985486482835e-16 -2.34938432202890e-16
 -2.66636899857841e-16 -3.02578200916170e-16 -3.43324980076333e-16
 -3.89513693566983e-16 -4.41864172260546e-16 -5.01190406189908e-16
 -5.68412703943160e-16 -6.44571399347590e-16 -7.30842299075803e-16
 -8.28554088592674e-16 -9.39207940500801e-16 -1.06449959919400e-15
 -1.20634424913274e-15 -1.36690451147826e-15 -1.54862195567753e-15
 -1.75425255944788e-15 -1.98690660300738e-15 -2.25009354201615e-15
 -2.54777246920316e-15 -2.88440884793731e-15 -3.26503828282117e-15
 -3.69533818389522e-15 -4.18170828317114e-15 -4.73136107635749e-15
 -5.35242338996745e-15 -6.05405041633584e-15 -6.84655371760177e-15
 -7.74154487701741e-15 -8.75209667330471e-15 -9.89292387425145e-15
 -1.11805859913531e-14 -1.26337146113039e-14 -1.42732682253209e-14
 -1.61228178178258e-14 -1.82088668546893e-14 -2.05612097342225e-14
 -2.32133332338656e-14 -2.62028660100481e-14 -2.95720817915900e-14
 -3.33684625568111e-14 -3.76453287069115e-14 -4.24625440536544e-14
 -4.78873043331993e-14 -5.39950189559537e-14 -6.08702968086136e-14
 -6.86080481587542e-14 -7.73147160826167e-14 -8.71096523616185e-14
 -9.81266544892715e-14 -1.10515682313676e-13 -1.24444774940802e-13
 -1.40102190846842e-13 -1.57698796748132e-13 -1.77470733645292e-13
 -1.99682391668026e-13 -2.24629728897995e-13 -2.52643973301015e-13
 -2.84095751297063e-13 -3.19399691370068e-13 -3.59019556556557e-13
 -4.03473965668816e-13 -4.53342769819226e-13 -5.09274158250526e-13
 -5.71992575756298e-13 -6.42307543165857e-13 -7.21123482598631e-13
 -8.09450660530071e-13 -9.08417374371253e-13 -1.01928352224955e-12
 -1.14345571132968e-12 -1.28250407730993e-12 -1.43818100704360e-12
 -1.61244197765062e-12 -1.80746874935867e-12 -2.02569517577327e-12
 -2.26983592486397e-12 -2.54291843665422e-12 -2.84831848023160e-12
 -3.18979971327108e-12 -3.57155769237387e-12 -3.99826883340459e-12
 -4.47514487584300e-12 -5.00799346988302e-12 -5.60328557114013e-12
 -6.26823040975766e-12 -7.01085888237223e-12 -7.84011631597133e-12
 -8.76596565696409e-12 -9.79950226051307e-12 -1.09530815878938e-11
 -1.22404612696671e-11 -1.36769591579810e-11 -1.52796291790778e-11
 -1.70674570034771e-11 -1.90615777841880e-11 -2.12855184754749e-11
 -2.37654675298474e-11 -2.65305751048799e-11 -2.96132872661689e-11
 -3.30497180891031e-11 -3.68800640144047e-11 -4.11490653249719e-11
 -4.59065201921035e-11 -5.12078573717330e-11 -5.71147743742958e-11
 -6.36959487212359e-11 -7.10278308391726e-11 -7.91955281494336e-11
 -8.82937910799393e-11 -9.84281130170648e-11 -1.09715957689516e-10
 -1.22288129106756e-10 -1.36290301062869e-10 -1.51884725273212e-10
 -1.69252139617822e-10 -1.88593900597894e-10 -2.10134367153929e-10
 -2.34123566380302e-10 -2.60840175545115e-10 -2.90594859146621e-10
 -3.23734004720954e-10 -3.60643906633850e-10 -4.01755453482090e-10
 -4.47549381846246e-10 -4.98562167299366e-10 -5.55392632791822e-10
 -6.18709365007211e-10 -6.89259041148256e-10 -7.67875782205595e-10
 -8.55491663972297e-10 -9.53148534697677e-10 -1.06201130800808e-09
 -1.18338292236614e-09 -1.31872118412675e-09 -1.46965774044635e-09
 -1.63801946184310e-09 -1.82585255202252e-09 -2.03544974632475e-09
 -2.26938100917242e-09 -2.53052819782932e-09 -2.82212422360824e-09
 -3.14779731585757e-09 -3.51162107711943e-09 -3.91817111464163e-09
 -4.37258914157789e-09 -4.88065556813896e-09 -5.44887174288391e-09
 -6.08455317150332e-09 -6.79593522170712e-09 -7.59229304296918e-09
 -8.48407766481085e-09 -9.48307052612916e-09 -1.06025589959609e-08
 -1.18575358207212e-08 -1.32649258385629e-08 -1.48438437912513e-08
 -1.66158875907086e-08 -1.86054720416273e-08 -2.08402087112379e-08
 -2.33513384684199e-08 -2.61742241422863e-08 -2.93489117936866e-08
 -3.29207703572334e-08 -3.69412207284301e-08 -4.14685670539590e-08
 -4.65689446870645e-08 -5.23174014619435e-08 -5.87991311937130e-08
 -6.61108811264578e-08 -7.43625580328917e-08 -8.36790613186079e-08
 -9.42023753317234e-08 -1.06093957930129e-07 -1.19537467249902e-07
 -1.34741874985875e-07 -1.51945020913705e-07 -1.71417671465939e-07
 -1.93468153747169e-07 -2.18447646688435e-07 -2.46756222242701e-07
 -2.78849742646515e-07 -3.15247734936992e-07 -3.56542379822919e-07
 -4.03408772512748e-07 -4.56616633564266e-07 -5.17043673175217e-07
 -5.85690840492510e-07 -6.63699720670712e-07 -7.52372378733344e-07
 -8.53193990456705e-07 -9.67858645946452e-07 -1.09829876352735e-06
 -1.24671861310935e-06 -1.41563251019409e-06 -1.60790832139706e-06
 -1.82681700701708e-06 -2.07608901512357e-06 -2.35997846271350e-06
 -2.68333614571186e-06 -3.05169256728888e-06 -3.47135232354663e-06
 -3.94950135287306e-06 -4.49432876202888e-06 -5.11516513602159e-06
 -5.82263950811285e-06 -6.62885740995710e-06 -7.54760274487546e-06
 -8.59456654864424e-06 -9.78760609671081e-06 -1.11470381960034e-05
 -1.26959710306202e-05 -1.44606793530086e-05 -1.64710284820894e-05
 -1.87609531174529e-05 -2.13689977270175e-05 -2.43389260129369e-05
 -2.77204078115917e-05 -3.15697927181989e-05 -3.59509807213890e-05
 -4.09364013028474e-05 -4.66081136124655e-05 -5.30590416907472e-05
 -6.03943601876378e-05 -6.87330474939322e-05 -7.82096250187553e-05
 -8.89761031146433e-05 -1.01204156007516e-04 -1.15087550551344e-04
 -1.30844855217796e-04 -1.48722459057973e-04 -1.68997931816241e-04
 -1.91983760087557e-04 -2.18031496275168e-04 -2.47536360973145e-04
 -2.80942341162336e-04 -3.18747831362777e-04 -3.61511866263632e-04
 -4.09860997819488e-04 -4.64496872641089e-04 -5.26204568017029e-04
 -5.95861748724142e-04 -6.74448709268869e-04 -7.63059368308451e-04
 -8.62913284866151e-04 -9.75368767344898e-04 -1.10193714687766e-03
 -1.24429828868619e-03 -1.40431741223314e-03 -1.58406329160952e-03
 -1.78582790479778e-03 -2.01214759268393e-03 -2.26582579162485e-03
 -2.54995738292788e-03 -2.86795470690659e-03 -3.22357526761473e-03
 -3.62095114151401e-03 -4.06462009165091e-03 -4.55955836127200e-03
 -5.11121509858214e-03 -5.72554834531392e-03 -6.40906247354962e-03
 -7.16884694291331e-03 -8.01261618289252e-03 -8.94875039484059e-03
 -9.98633697900950e-03 -1.11352122858461e-02 -1.24060032785863e-02
 -1.38101686992529e-02 -1.53600391691240e-02 -1.70688557110974e-02
 -1.89508059495190e-02 -2.10210573283219e-02 -2.32957864599949e-02
 -2.57922037384711e-02 -2.85285722140146e-02 -3.15242196286307e-02
 -3.47995425140647e-02 -3.83760010124878e-02 -4.22761032193336e-02
 -4.65233775658680e-02 -5.11423318375022e-02 -5.61583974028982e-02
 -6.15978569896356e-02 -6.74877547007196e-02 -7.38557865317193e-02
 -8.07301702036563e-02 -8.81394926494183e-02 -9.61125341850801e-02
 -1.04678068050226e-01 -1.13864634533421e-01 -1.23700289103986e-01
 -1.34212324076300e-01 -1.45426964040956e-01 -1.57369035404401e-01
 -1.70061611030313e-01 -1.83525631529426e-01 -1.97779505113205e-01
 -2.12838688829382e-01 -2.28715254384372e-01 -2.45417442533566e-01
 -2.62949210673576e-01 -2.81309778778772e-01 -3.00493179574936e-01
 -3.20487819119086e-01 -3.41276054802117e-01 -3.62833797615077e-01
 -3.85130146464990e-01 -4.08127062016574e-01 -4.31779088162643e-01
 -4.56033129250807e-01 -4.80828291420288e-01 -5.06095796903598e-01
 -5.31758980021575e-01 -5.57733374303365e-01 -5.83926899770260e-01
 -6.10240159439707e-01 -6.36566853209460e-01 -6.62794315816530e-01
 -6.88804183558383e-01 -7.14473191386619e-01 -7.39674098719915e-01
 -7.64276738168899e-01 -7.88149177392592e-01 -8.11158980018365e-01
 -8.33174547790930e-01 -8.54066522241878e-01 -8.73709221798692e-01
 -8.91982087086925e-01 -9.08771106596554e-01 -9.23970193380632e-01
 -9.37482484335788e-01 -9.49221534403998e-01 -9.59112380287656e-01
 -9.67092451125205e-01 -9.73112307203885e-01 -9.77136192041713e-01
 -9.79142387841867e-01 -9.79123369239991e-01 -9.77085755317134e-01
 -9.73050064700578e-01 -9.67050283249161e-01 -9.59133257928832e-01
 -9.49357934139912e-01 -9.37794456606808e-01 -9.24523156170090e-01
 -9.09633446139501e-01 -8.93222652538527e-01 -8.75394802366081e-01
 -8.56259393251304e-01 -8.35930166395292e-01 -8.14523902860580e-01
 -7.92159260914501e-01 -7.68955669661203e-01 -7.45032291434482e-01
 -7.20507062771945e-01 -6.95495821018479e-01 -6.70111521124704e-01
 -6.44463545151976e-01 -6.18657104157343e-01 -5.92792731285264e-01
 -5.66965862896690e-01 -5.41266503149044e-01 -5.15778967451655e-01
 -4.90581698338984e-01 -4.65747148170527e-01 -4.41341721948737e-01
 -4.17425774123645e-01 -3.94053653150660e-01 -3.71273787864839e-01
 -3.49128810126101e-01 -3.27655708505788e-01 -3.06886008237784e-01
 -2.86845973093156e-01 -2.67556825221423e-01 -2.49034979493554e-01
 -2.31292289098761e-01 -2.14336299844964e-01 -1.98170510465206e-01
 -1.82794636996876e-01 -1.68204879228542e-01 -1.54394187545671e-01
 -1.41352528726429e-01 -1.29067149272374e-01 -1.17522835075887e-01
 -1.06702166292306e-01 -9.65857663434199e-02 -8.71525441254119e-02
 -7.83799284976173e-02 -7.02440942769464e-02 -6.27201790023491e-02
 -5.57824898577891e-02 -4.94047002229623e-02 -4.35600354359594e-02
 -3.82214474450015e-02 -3.33617781406947e-02 -2.89539112451904e-02
 -2.49709127408594e-02 -2.13861598908779e-02 -1.81734589915366e-02
 -1.53071520487742e-02 -1.27622126347706e-02 -1.05143312153868e-02
 -8.53999027906847e-03 -6.81652961575759e-03 -5.32220211452800e-03
 -4.03622045232148e-03 -2.93879505182554e-03 -2.01116367461011e-03
 -1.23561304668399e-03 -5.95492834675415e-04 -7.52223121500209e-05
  3.39709797272880e-04  6.62752181066734e-04  9.06303970720671e-04
  1.08173367781259e-03  1.19940365642254e-03  1.26869971288970e-03
  1.29806546306432e-03  1.29504101058157e-03  1.26630548966979e-03
  1.21772298498415e-03  1.15439130907471e-03  1.08069308666189e-03
  1.00034857237294e-03  9.16469604333554e-04  8.31614088320021e-04
  7.47840403872322e-04  6.66761132397206e-04  5.89595530866321e-04
  5.17220207735067e-04  4.50217504029739e-04  3.88921140212020e-04
  3.33458756367688e-04  2.83791048256359e-04  2.39747281752124e-04
  2.01057051064755e-04  1.67378228564571e-04  1.38321133675408e-04
  1.13469022176267e-04  9.23950633793414e-05  7.46760289002472e-05
  5.99029619742669e-05  4.76891295247556e-05  3.76755804021777e-05
  2.95346425831296e-05  2.29716906147107e-05  1.77255033382757e-05
  1.35675125941748e-05  1.03002178696117e-05  7.75501162146502e-06
  5.78962696391645e-06  4.28538556626059e-06  3.14438980367106e-06
  2.28677174157862e-06  1.64808203044618e-06  1.17687615612148e-06
  8.32533530789762e-07  5.83326198472828e-07  4.04740253882030e-07
  2.78041385679886e-07  1.89068902402863e-07  1.27237274084690e-07
  8.47216938276901e-08  5.58032837142739e-08  3.63500429072085e-08
  2.34110920906663e-08  1.49038270381851e-08  9.37599556528715e-09
  5.82721061709221e-09  3.57687927895086e-09  2.16780704655691e-09
  1.29681678696911e-09  7.65495720362847e-10  4.45732602466251e-10
  2.55934690794983e-10  1.44864541411720e-10  8.08009587631387e-11
  4.43962414727269e-11  2.40201329014889e-11  1.27925405900577e-11
  6.70352742520548e-12  3.45498748217803e-12  1.75073097260249e-12
  8.71849898158612e-13  4.26506775118163e-13  2.04870738554357e-13
  9.65843600796005e-14  4.46688450971560e-14  2.02566159770861e-14
  9.00287526411853e-15  3.91949767364306e-15  1.67067480674354e-15
  6.96843780468008e-16  2.84262021644093e-16  1.13343482302388e-16
  4.41538332484378e-17  1.68029553064003e-17  6.23995000534399e-18
  2.25991841122817e-18  7.97724996838493e-19  2.74342326746544e-19
  9.19174511339863e-20  3.00366807363425e-20  9.55523550284465e-21
  2.95198367345214e-21  8.85024290432859e-22  2.57301631018614e-22
  7.24844832441714e-23  1.97707509758920e-23  5.21709231843972e-24
  1.33077208528027e-24  3.27855081688616e-25  7.79447675710853e-26
  1.78662237769339e-26  3.94478406588493e-27  8.38208331918662e-28
  1.71238743262825e-28  3.36004913777893e-29  6.32621398849641e-30
  1.14168556846235e-30
 (i6, f12.0, f18.0, f8.3, i6)
   595  60.0000000  0.02500000000000   8.000     1
 (3e22.14)
  1.81689323374912e-06  1.90986797400607e-06  2.00760001352598e-06
  2.11033273800332e-06  2.21832198220454e-06  2.33183666652604e-06
  2.45115946608524e-06  2.57658751400601e-06  2.70843314064481e-06
  2.84702465059266e-06  2.99270713938221e-06  3.14584335192618e-06
  3.30681458481918e-06  3.47602163474032e-06  3.65388579531263e-06
  3.84084990488851e-06  4.03737944786687e-06  4.24396371226593e-06
  4.46111700643119e-06  4.68937993788880e-06  4.92932075752073e-06
  5.18153677239120e-06  5.44665583072937e-06  5.72533788274613e-06
  6.01827662115801e-06  6.32620120547655e-06  6.64987807434552e-06
  6.99011285040299e-06  7.34775234240023e-06  7.72368664952394e-06
  8.11885137314120e-06  8.53422994143771e-06  8.97085605270771e-06
  9.42981624333747e-06  9.91225258684542e-06  1.04193655306444e-05
  1.09524168775584e-05  1.15127329194519e-05  1.21017077307342e-05
  1.27208066298706e-05  1.33715698174650e-05  1.40556161998932e-05
  1.47746474079525e-05  1.55304520204261e-05  1.63249100030283e-05
  1.71599973736540e-05  1.80377911054787e-05  1.89604742799885e-05
  1.99303415026660e-05  2.09498045946815e-05  2.20213985746371e-05
  2.31477879450909e-05  2.43317732993837e-05  2.55762982650115e-05
  2.68844568006838e-05  2.82595008650044e-05  2.97048484756783e-05
  3.12240921790544e-05  3.28210079508724e-05  3.44995645500553e-05
  3.62639333486145e-05  3.81184986617392e-05  4.00678686035385e-05
  4.21168864950223e-05  4.42706428523793e-05  4.65344879849410e-05
  4.89140452337594e-05  5.14152248832296e-05  5.40442387799052e-05
  5.68076156942493e-05  5.97122174630481e-05  6.27652559518679e-05
  6.59743108792006e-05  6.93473485457655e-05  7.28927415148394e-05
  7.66192892916427e-05  8.05362400523227e-05  8.46533134755137e-05
  8.89807247322576e-05  9.35292096926462e-05  9.83100514107642e-05
  1.03335107952272e-04  1.08616841632492e-04  1.14168349736009e-04
  1.20003396792564e-04  1.26136448487509e-04  1.32582707289361e-04
  1.39358149880579e-04  1.46479566482702e-04  1.53964602170713e-04
  1.61831800276990e-04  1.70100647989602e-04  1.78791624255320e-04
  1.87926250102922e-04  1.97527141508407e-04  2.07618064929335e-04
  2.18223995642446e-04  2.29371179024568e-04  2.41087194924607e-04
  2.53401025280958e-04  2.66343125146884e-04  2.79945497293983e-04
  2.94241770572802e-04  3.09267282217573e-04  3.25059164292687e-04
  3.41656434486305e-04  3.59100091468767e-04  3.77433215042119e-04
  3.96701071319735e-04  4.16951223185684e-04  4.38233646296374e-04
  4.60600850899152e-04  4.84108009756936e-04  5.08813092480476e-04
  5.34777006586825e-04  5.62063745614980e-04  5.90740544649253e-04
  6.20878043614524e-04  6.52550458727832e-04  6.85835762507493e-04
  7.20815872761551e-04  7.57576850996320e-04  7.96209110708963e-04
  8.36807636047319e-04  8.79472211347211e-04  9.24307662077555e-04
  9.71424107752841e-04  1.02093722739602e-03  1.07296853816522e-03
  1.12764568778349e-03  1.18510276144616e-03  1.24548060390440e-03
  1.30892715746683e-03  1.37559781668428e-03  1.44565580052935e-03
  1.51927254291220e-03  1.59662810241844e-03  1.67791159219272e-03
  1.76332163093795e-03  1.85306681603959e-03  1.94736621987899e-03
  2.04644991043788e-03  2.15055949735865e-03  2.25994870466688e-03
  2.37488397142648e-03  2.49564508164779e-03  2.62252582483763e-03
  2.75583468862839e-03  2.89589558500977e-03  3.04304861172499e-03
  3.19765085049587e-03  3.36007720378397e-03  3.53072127189364e-03
  3.70999627228657e-03  3.89833600306893e-03  4.09619585268689e-03
  4.30405385796956e-03  4.52241181272527e-03  4.75179642922864e-03
  4.99276055498385e-03  5.24588444730851e-03  5.51177710833280e-03
  5.79107768316086e-03  6.08445692402398e-03  6.39261872339231e-03
  6.71630171910936e-03  7.05628097477086e-03  7.41336973864695e-03
  7.78842128464398e-03  8.18233083886471e-03  8.59603759553194e-03
  9.03052682613028e-03  9.48683208581310e-03  9.96603752121648e-03
  1.04692802840643e-02  1.09977530549723e-02  1.15527066821987e-02
  1.21354529400545e-02  1.27473674120403e-02  1.33898925038022e-02
  1.40645405912704e-02  1.47728973094537e-02  1.55166249876094e-02
  1.62974662365867e-02  1.71172476944817e-02  1.79778839366877e-02
  1.88813815569242e-02  1.98298434256469e-02  2.08254731327704e-02
  2.18705796215362e-02  2.29675820207265e-02  2.41190146824666e-02
  2.53275324331663e-02  2.65959160451040e-02  2.79270779366366e-02
  2.93240681087413e-02  3.07900803262090e-02  3.23284585515038e-02
  3.39427036397644e-02  3.56364803032325e-02  3.74136243538422e-02
  3.92781502321946e-02  4.12342588320717e-02  4.32863456284899e-02
  4.54390091186013e-02  4.76970595835004e-02  5.00655281798656e-02
  5.25496763696450e-02  5.51550056962674e-02  5.78872679152414e-02
  6.07524754874234e-02  6.37569124419130e-02  6.69071456167422e-02
  7.02100362830126e-02  7.36727521600773e-02  7.73027798264893e-02
  8.11079375326532e-02  8.50963884191343e-02  8.92766541446337e-02
  9.36576289257945e-02  9.82485939913570e-02  1.03059232449835e-01
  1.08099644571897e-01  1.13380363482748e-01  1.18912371263380e-01
  1.24707115452897e-01  1.30776525946135e-01  1.37133032276060e-01
  1.43789581269967e-01  1.50759655064087e-01  1.58057289461434e-01
  1.65697092610315e-01  1.73694263983626e-01  1.82064613629048e-01
  1.90824581662540e-01  1.99991257968688e-01  2.09582402071204e-01
  2.19616463127167e-01  2.30112600001451e-01  2.41090701360426e-01
  2.52571405734106e-01  2.64576121472099e-01  2.77127046528501e-01
  2.90247187991249e-01  3.03960381272313e-01  3.18291308861626e-01
  3.33265518544979e-01  3.48909440968673e-01  3.65250406437811e-01
  3.82316660805062e-01  4.00137380323482e-01  4.18742685294825e-01
  4.38163652363166e-01  4.58432325267861e-01  4.79581723873471e-01
  5.01645851270060e-01  5.24659698735258e-01  5.48659248318114e-01
  5.73681472817228e-01  5.99764332870248e-01  6.26946770910636e-01
  6.55268701669541e-01  6.84770998943864e-01  7.15495478287934e-01
  7.47484875301540e-01  7.80782819148322e-01  8.15433800944427e-01
  8.51483136606815e-01  8.88976923786772e-01  9.27961992419687e-01
  9.68485848511228e-01  1.01059661064518e+00  1.05434293879812e+00
  1.09977395494228e+00  1.14693915496737e+00  1.19588831139967e+00
  1.24667136643112e+00  1.29933831470129e+00  1.35393907536904e+00
  1.41052335286450e+00  1.46914048590696e+00  1.52983928415986e+00
  1.59266785211131e+00  1.65767339961216e+00  1.72490203866897e+00
  1.79439856593538e+00  1.86620623063858e+00  1.94036648735866e+00
  2.01691873351771e+00  2.09590003112656e+00  2.17734481267491e+00
  2.26128457089686e+00  2.34774753247357e+00  2.43675831544391e+00
  2.52833757075314e+00  2.62250160775136e+00  2.71926200437313e+00
  2.81862520213254e+00  2.92059208677398e+00  3.02515755521239e+00
  3.13231006981093e+00  3.24203120099765e+00  3.35429515975627e+00
  3.46906832123928e+00  3.58630874170717e+00  3.70596567028372e+00
  3.82797905835888e+00  3.95227906870638e+00  4.07878558751223e+00
  4.20740774209244e+00  4.33804342816576e+00  4.47057884972290e+00
  4.60488807648244e+00  4.74083262214025e+00  4.87826104922290e+00
  5.01700860456660e+00  5.15689689139109e+00  5.29773358310112e+00
  5.43931218501986e+00  5.58141184978358e+00  5.72379725328636e+00
  5.86621853700543e+00  6.00841132448118e+00  6.15009681735262e+00
  6.29098197967644e+00  6.43075981562799e+00  6.56910974908304e+00
  6.70569811070427e+00  6.84017873989832e+00  6.97219370734167e+00
  7.10137416469091e+00  7.22734132602348e+00  7.34970758704425e+00
  7.46807778460692e+00  7.58205060215670e+00  7.69122012034364e+00
  7.79517751785686e+00  7.89351291878056e+00  7.98581738835484e+00
  8.07168507220818e+00  8.15071547604509e+00  8.22251587874830e+00
  8.28670387203790e+00  8.34291001530626e+00  8.39078059564993e+00
  8.42998047642148e+00  8.46019602144271e+00  8.48113807196707e+00
  8.49254496064365e+00  8.49418553457330e+00  8.48586216623090e+00
  8.46741372203794e+00  8.43871846160008e+00  8.39969683370556e+00
  8.35031413997803e+00  8.29058302720682e+00  8.22056577826486e+00
  8.14037636060354e+00  8.05018219958738e+00  7.95020563758110e+00
  7.84072504483544e+00  7.72207554483282e+00  7.59464932395055e+00
  7.45889548975009e+00  7.31531945504164e+00  7.16448181610838e+00
  7.00699671033709e+00  6.84352963157099e+00  6.67479469582518e+00
  6.50155134888989e+00  6.32460052063609e+00  6.14478022880977e+00
  5.96296065459050e+00  5.78003870498700e+00  5.59693210065202e+00
  5.41457302196112e+00  5.23390136440857e+00  5.05585765571351e+00
  4.88137569842581e+00  4.71137500609770e+00  4.54675310929907e+00
  4.38837781297136e+00  4.23707948899320e+00  4.09364349495734e+00
  3.95880280807831e+00  3.83323096628032e+00  3.71753540698040e+00
  3.61225129076655e+00  3.51783589390358e+00  3.43466364812623e+00
  3.36302189815888e+00  3.30310744059583e+00  3.25502389745019e+00
  3.21877996786909e+00  3.19428859115294e+00  3.18136704214006e+00
  3.17973796990334e+00  3.18903137770696e+00  3.20878753253313e+00
  3.23846078016119e+00  3.27742423158182e+00  3.32497527620043e+00
  3.38034186746256e+00  3.44268951657971e+00  3.51112892283350e+00
  3.58472415910200e+00  3.66250132628694e+00  3.74345758231144e+00
  3.82657044811577e+00  3.91080728798300e+00  3.99513485997361e+00
  4.07852883052415e+00  4.15998314779148e+00  4.23851917001838e+00
  4.31319444775853e+00  4.38311106407636e+00  4.44742344099617e+00
  4.50534552917854e+00  4.55615730374107e+00  4.59921049969360e+00
  4.63393352899861e+00  4.65983553252530e+00  4.67650953038438e+00
  4.68363464693336e+00  4.68097739631709e+00  4.66839202951816e+00
  4.64581995154495e+00  4.61328823388544e+00  4.57090725408141e+00
  4.51886750885550e+00  4.45743565464346e+00  4.38694984111833e+00
  4.30781440850117e+00  4.22049403116137e+00  4.12550739042611e+00
  4.02342046953968e+00  3.91483956246095e+00  3.80040409291310e+00
  3.68077933757998e+00  3.55664914901280e+00  3.42870876649312e+00
  3.29765780419056e+00  3.16419349472935e+00  3.02900426410124e+00
  2.89276370302942e+00  2.75612499292056e+00  2.61971583438739e+00
  2.48413391788806e+00  2.34994296450494e+00  2.21766935708971e+00
  2.08779937096761e+00  1.96077700467836e+00  1.83700240296316e+00
  1.71683085539756e+00  1.60057234725601e+00  1.48849163330271e+00
  1.38080879815482e+00  1.27770026435212e+00  1.17930020374083e+00
  1.08570230632890e+00  9.96961858569540e-01  9.13098081896099e-01
  8.34096682883600e-01  7.59912566440801e-01  6.90472665260207e-01
  6.25678840695593e-01  5.65410812685081e-01  5.09529079423792e-01
  4.57877790979449e-01  4.10287544669013e-01  3.66578073899609e-01
  3.26560806350570e-01  2.90041271342597e-01  2.56821340380040e-01
  2.26701288787903e-01  1.99481670186071e-01  1.74964999107991e-01
  1.52957240366769e-01  1.33269106776462e-01  1.15717169464511e-01
  1.00124787283428e-01  8.63228637444036e-02  7.41504414206507e-02
  6.34551449302438e-02  5.40934844533710e-02  4.59310322419955e-02
  3.88424848215974e-02  3.27116235781205e-02  2.74311862090055e-02
  2.29026611376008e-02  1.90360164858996e-02  1.57493745876418e-02
  1.29686423620190e-02  1.06271071490050e-02  8.66500687503394e-03
  7.02908268049253e-03  5.67212139812451e-03  4.55249454904350e-03
  3.63369980803096e-03  2.88391019189948e-03  2.27553554220878e-03
  1.78480020665975e-03  1.39134017293629e-03  1.07782227666288e-03
  8.29587494255973e-04  6.34319746468501e-04  4.81741084750012e-04
  3.63333616328275e-04  2.72088051912258e-04  2.02278337949147e-04
  1.49261468948943e-04  1.09301268472624e-04  7.94146820567546e-05
  5.72389421670430e-05  4.09178425367397e-05  2.90052934711991e-05
  2.03843158066291e-05  1.41996628001248e-05  9.80232893587787e-06
  6.70430473923856e-06  4.54205927189576e-06  3.04736957552888e-06
  2.02426192533678e-06  1.33097739461011e-06  8.66018707875442e-07
  5.57472841086126e-07  3.54931161880979e-07  2.23444404190821e-07
  1.39052070120631e-07  8.55150246261507e-08  5.19559494711989e-08
  3.11762239173735e-08  1.84701684681954e-08  1.08003453413630e-08
  6.23131967791282e-09  3.54610070844087e-09  1.98975027114001e-09
  1.10044622646782e-09  5.99651921016689e-10  3.21833720318605e-10
  1.70055021342132e-10  8.84320039071203e-11  4.52382510887341e-11
  2.27561735004012e-11  1.12514648101983e-11  5.46569558905435e-12
  2.60742927207833e-12  1.22098300737512e-12  5.60958735457675e-13
  2.52734994329534e-13  1.11608375033537e-13  4.82840494731393e-14
  2.04530277598093e-14  8.47864546536883e-15  3.43775622397490e-15
  1.36251543666067e-15  5.27603613109044e-16  1.99557576251468e-16
  7.36539759292455e-17  2.65094744400812e-17  9.29698532311206e-18
  3.17350225900400e-18  1.05220739688095e-18  3.37296465959420e-19
  1.06196265367280e-19  3.24714406826220e-20  9.63534189232857e-21
  2.77252976274222e-21  7.73020003219169e-22  2.08671928596101e-22
  5.44929966874428e-23  1.37548640423089e-23  3.35302834108087e-24
  7.88679157248189e-25  1.78835169234109e-25  3.90563983524367e-26
  8.20739289792880e-27  1.65793939935613e-27  3.21623953159085e-28
  5.98548501082683e-29  1.06749339592220e-29  1.82254409028433e-30
  2.97548767066549e-31  4.63995382637454e-32  6.90303750788083e-33
  9.78635111653431e-34  1.32045975266616e-34  1.69359580874917e-35
  2.06213575928586e-36  2.38054375303909e-37  2.60195991933457e-38
  2.68899390246344e-39  2.62378274204012e-40  2.41369968867395e-41
  2.09029892097222e-42
