 energy and charge average matrices
  type  L (e_i|H|e_j)        (e_i|e_j) 
     0  0  .015771826        .103009371
     0  1  .019229359        .104337242
     0  2  1.78229802        3.02258864
     0  3  .002646075        .010117949
     0  4  .000248983        .001817883
     0  5  .000077885        .000436737
     0  6  .000015035        .000104917
     0  7  .000006650        .000026180
     0  8  .000000925        .000005634
     1  0  .011353823        .102596574
     1  1  .014098262        .102371598
     1  2  2.07334087        4.76284671
     1  3  .002423253        .010037981
     1  4  .000317616        .001895878
     1  5  .000069358        .000432930
     1  6  .000020151        .000108936
     1  7  .000006004        .000025666
     1  8  .000001081        .000005760
     2  0 -.529850170        .826606563
     2  1  .591388016        1.93109599
     2  2  .006030790        .009786729
     2  3  .001104608        .002028235
     2  4  .000310021        .000530638
     2  5  .000062568        .000128356
     2  6  .000015938        .000030481
     2  7  .000003339        .000006977
     2  8  .000000869        .000001676
