 ( 4i3 )
  1  8  3  2 npan, lm, ntype, spins
 ( 2i3 )
  3  1    ntls, nsets
 ( 3e22.14 )
 -0.78624765664030E+00 -0.78624765664012E+00 -0.78624765663993E+00
 ( 3e22.14 )
  0.15311308855224E+00  0.18431190379218E+00  0.58966420366798E+00
  0.26152003860488E+00  0.13695772351066E+00  0.17832791034330E+00
  0.14330280219852E+00  0.25400624254969E+00  0.16417524043718E+00
  0.11066717853177E+00  0.13772184169052E+00  0.43530913038295E+00
  0.24140179807192E+00  0.16752544777726E+00  0.16019992244436E+00
  0.18497807033774E+00  0.23392692562038E+00  0.18779467743964E+00
  0.11066717853340E+00  0.13772184168994E+00  0.43530913038328E+00
  0.24140179806903E+00  0.16752544779710E+00  0.16019992244781E+00
  0.18497807035810E+00  0.23392692563479E+00  0.18779467734202E+00
  0.15311308855421E+00  0.18431190379295E+00  0.58966420366826E+00
  0.26152003860013E+00  0.13695772351184E+00  0.17832791033626E+00
  0.14330280222715E+00  0.25400624258581E+00  0.16417524049854E+00
 -0.64099766012683E+00  0.30623847102839E+00  0.61624455251894E+00
  0.54460368708693E+00  0.58424679521772E+00  0.48745907258737E+00
  0.52287940660055E+00  0.47860086647756E+00  0.51842187337586E+00
 -0.64099766012602E+00  0.30623847102779E+00  0.61624455252342E+00
  0.54460368710231E+00  0.58424679524256E+00  0.48745907258794E+00
  0.52287940659112E+00  0.47860086642862E+00  0.51842187333433E+00
