 ( 4i3 )
  1  8  3  2 npan, lm, ntype, spins
 ( 2i3 )
  3  1    ntls, nsets
 ( 3e22.14 )
 -0.78624443925326E+00 -0.78624443925311E+00 -0.78624443925296E+00
 ( 3e22.14 )
  0.15311316367863E+00  0.18431388072156E+00  0.58966406527201E+00
  0.26151918187459E+00  0.13695695043053E+00  0.17832652114870E+00
  0.14330140734687E+00  0.25400461161356E+00  0.16417353969568E+00
  0.11066727310341E+00  0.13772297362188E+00  0.43530837155315E+00
  0.24140042522511E+00  0.16752478880674E+00  0.16019842714820E+00
  0.18497673508506E+00  0.23392477024286E+00  0.18779339529746E+00
  0.11066727310506E+00  0.13772297362126E+00  0.43530837155355E+00
  0.24140042522152E+00  0.16752478882721E+00  0.16019842715239E+00
  0.18497673510723E+00  0.23392477026389E+00  0.18779339519294E+00
  0.15311316368076E+00  0.18431388072238E+00  0.58966406527230E+00
  0.26151918186924E+00  0.13695695043098E+00  0.17832652114200E+00
  0.14330140737522E+00  0.25400461164884E+00  0.16417353976574E+00
 -0.64099914976550E+00  0.30623744370904E+00  0.61624858801369E+00
  0.54460134408208E+00  0.58424692906818E+00  0.48745802551174E+00
  0.52287942495082E+00  0.47859984462229E+00  0.51842103012437E+00
 -0.64099914976458E+00  0.30623744370837E+00  0.61624858801874E+00
  0.54460134410130E+00  0.58424692909550E+00  0.48745802551305E+00
  0.52287942494059E+00  0.47859984456574E+00  0.51842103008116E+00
