# ACE/gr parameter file
#
@    version 50122
@    world xmin 0.25
@    world xmax 0.75
@    title font 5
@    xaxis  tick major 0.1
@    xaxis  tick minor 0.02
@    xaxis  label "(r-r\s1\N)/d"
@    xaxis  label font 5
@    xaxis  label char size 1.2
@    xaxis  ticklabel font 4
@    xaxis  ticklabel char size 1
@    yaxis  tick major .1
@    yaxis  tick minor .02
@    yaxis  label font 4
@    yaxis  label char size 1.2
@    yaxis  ticklabel font 5
@    yaxis  ticklabel char size 1
@    title "potential between neighbors"
@    yaxis  label "V(r) (Ry)"
@    world ymin -10.
@    world ymax   .0
@    yaxis  tick major 2
@    yaxis  tick minor 1
@ s0 color  1
@ s0 linestyle  1
@ legend string 0 "(1)-(3)"
@target s0
@type xy
  .1000000000 -142.0518693
  .1050000000 -135.3104429
  .1100000000 -129.1769701
  .1150000000 -123.5699117
  .1200000000 -118.4286824
  .1250000000 -113.7036185
  .1300000000 -109.3297868
  .1350000000 -105.2896996
  .1400000000 -101.5265038
  .1450000000 -98.03427846
  .1500000000 -94.76597680
  .1550000000 -91.70985606
  .1600000000 -88.84949383
  .1650000000 -86.15885704
  .1700000000 -83.62433248
  .1750000000 -81.23357783
  .1800000000 -78.98063093
  .1850000000 -76.84929621
  .1900000000 -74.82942678
  .1950000000 -72.91272113
  .2000000000 -71.09159151
  .2050000000 -69.35909357
  .2100000000 -67.70886406
  .2150000000 -66.13506557
  .2200000000 -64.63233745
  .2250000000 -63.19575197
  .2300000000 -61.82419895
  .2350000000 -60.51181114
  .2400000000 -59.25341021
  .2450000000 -58.04537983
  .2500000000 -56.88438348
  .2550000000 -55.76734105
  .2600000000 -54.69766971
  .2650000000 -53.66791496
  .2700000000 -52.67427099
  .2750000000 -51.71445160
  .2800000000 -50.79325627
  .2850000000 -49.90364134
  .2900000000 -49.04188184
  .2950000000 -48.21023901
  .3000000000 -47.40861078
  .3050000000 -46.62993214
  .3100000000 -45.87705189
  .3150000000 -45.15006592
  .3200000000 -44.44199119
  .3250000000 -43.75867295
  .3300000000 -43.09519452
  .3350000000 -42.44852486
  .3400000000 -41.82565536
  .3450000000 -41.21637433
  .3500000000 -40.62722622
  .3550000000 -40.05317374
  .3600000000 -39.49433877
  .3650000000 -38.95245900
  .3700000000 -38.42194581
  .3750000000 -37.90947865
  .3800000000 -37.40547036
  .3850000000 -36.91992219
  .3900000000 -36.44151502
  .3950000000 -35.97987651
  .4000000000 -35.52506210
  .4050000000 -35.08578536
  .4100000000 -34.65263080
  .4150000000 -34.23441133
  .4200000000 -33.82120058
  .4250000000 -33.42280017
  .4300000000 -33.02910092
  .4350000000 -32.64824785
  .4400000000 -32.27298809
  .4450000000 -31.90827080
  .4500000000 -31.55045966
  .4550000000 -31.20058013
  .4600000000 -30.85929722
  .4650000000 -30.52305984
  .4700000000 -30.19744565
  .4750000000 -29.87527718
  .4800000000 -29.56299654
  .4850000000 -29.25546434
  .4900000000 -28.95417535
  .4950000000 -28.66053473
  .5000000000 -28.36984532
  .5050000000 -28.08887626
  .5100000000 -27.81118414
  .5150000000 -.0090689147
  .5200000000 -.0074105194
  .5250000000 -.0058923327
  .5300000000 -.0045079925
  .5350000000 -.0032508479
  .5400000000 -.0021141461
  .5450000000 -.0010911811
  .5500000000 -.0001754053
  .5550000000  .0006394922
  .5600000000  .0013595384
  .5650000000 -9.309628974
  .5700000000 -9.417589027
  .5750000000 -9.527772479
  .5800000000 -9.641239932
  .5850000000 -9.756740167
  .5900000000 -9.876026945
  .5950000000 -9.997305898
  .6000000000 -10.12275376
  .6050000000 -10.25031816
  .6100000000 -10.38230121
  .6150000000 -10.51670819
  .6200000000 -10.65563573
  .6250000000 -10.79749875
  .6300000000 -10.94381847
  .6350000000 -11.09381375
  .6400000000 -11.24801548
  .6450000000 -11.40688904
  .6500000000 -11.56950909
  .6550000000 -11.73808457
  .6600000000 -11.91030635
  .6650000000 -12.08889834
  .6700000000 -12.27226946
  .6750000000 -12.46098228
  .6800000000 -12.65657257
  .6850000000 -12.85724110
  .6900000000 -13.06515583
  .6950000000 -13.27994542
  .7000000000 -13.50089442
  .7050000000 -13.73048011
  .7100000000 -13.96780946
  .7150000000 -14.21260821
  .7200000000 -14.46676156
  .7250000000 -14.73063573
  .7300000000 -15.00357083
  .7350000000 -15.28617351
  .7400000000 -15.58095297
  .7450000000 -15.88719490
  .7500000000 -16.20519163
  .7550000000 -16.53575885
  .7600000000 -16.87977952
  .7650000000 -17.23978488
  .7700000000 -17.61524944
  .7750000000 -18.00714965
  .7800000000 -18.41668289
  .7850000000 -18.84514955
  .7900000000 -19.29396313
  .7950000000 -19.76466147
  .8000000000 -20.25891945
  .8050000000 -20.77856311
  .8100000000 -21.32558558
  .8150000000 -21.90216512
  .8200000000 -22.51068543
  .8250000000 -23.15375877
  .8300000000 -23.83425226
  .8350000000 -24.55531801
  .8400000000 -25.32405190
  .8450000000 -26.14147664
  .8500000000 -27.01192235
  .8550000000 -27.94311402
  .8600000000 -28.94180593
  .8650000000 -30.01140292
  .8700000000 -31.16750239
  .8750000000 -32.41221955
  .8800000000 -33.76324742
  .8850000000 -35.23120439
  .8900000000 -36.83106114
  .8950000000 -38.58295462
&
@ s1 color  1
@ s1 linestyle  1
@target s1
@type xy
  .5130146835 -10.000
  .5130146835  10.000
  .5625596278  10.000
  .5625596278 -10.000
&
@ s2 color  2
@ s2 linestyle  1
@ legend string 2 "(2)-(3)"
@target s2
@type xy
  .1000000000 -141.5138275
  .1050000000 -134.7526851
  .1100000000 -128.6099919
  .1150000000 -123.0019153
  .1200000000 -117.8656595
  .1250000000 -113.1495241
  .1300000000 -108.7867171
  .1350000000 -104.7589133
  .1400000000 -101.0083251
  .1450000000 -97.52867279
  .1500000000 -94.27257929
  .1550000000 -91.22816008
  .1600000000 -88.37890573
  .1650000000 -85.69878073
  .1700000000 -83.17417793
  .1750000000 -80.79277617
  .1800000000 -78.54862136
  .1850000000 -76.42558006
  .1900000000 -74.41354892
  .1950000000 -72.50426579
  .2000000000 -70.69018150
  .2050000000 -68.96438889
  .2100000000 -67.32056009
  .2150000000 -65.75289101
  .2200000000 -64.25605212
  .2250000000 -62.82514451
  .2300000000 -61.45907998
  .2350000000 -60.15202359
  .2400000000 -58.89882353
  .2450000000 -57.69588517
  .2500000000 -56.53989119
  .2550000000 -55.42777789
  .2600000000 -54.36299779
  .2650000000 -53.33810957
  .2700000000 -52.34931559
  .2750000000 -51.39433725
  .2800000000 -50.47803603
  .2850000000 -49.59335752
  .2900000000 -48.73656489
  .2950000000 -47.90996635
  .3000000000 -47.11350471
  .3050000000 -46.34004769
  .3100000000 -45.59250818
  .3150000000 -44.87103205
  .3200000000 -44.16852764
  .3250000000 -43.49098851
  .3300000000 -42.83343197
  .3350000000 -42.19276292
  .3400000000 -41.57619834
  .3450000000 -40.97326386
  .3500000000 -40.39071764
  .3550000000 -39.82339459
  .3600000000 -39.27143089
  .3650000000 -38.73664455
  .3700000000 -38.21326517
  .3750000000 -37.70821251
  .3800000000 -37.21157809
  .3850000000 -36.73369875
  .3900000000 -36.26288765
  .3950000000 -35.80906254
  .4000000000 -35.36198725
  .4050000000 -34.93058680
  .4100000000 -34.50522318
  .4150000000 -34.09484937
  .4200000000 -33.68939034
  .4250000000 -33.29869952
  .4300000000 -32.91261989
  .4350000000 -32.53923847
  .4400000000 -32.17135602
  .4450000000 -31.81380244
  .4500000000 -31.46301645
  .4550000000 -31.11994681
  .4600000000 -30.78523420
  .4650000000 -30.45543071
  .4700000000 -30.13584273
  .4750000000 -29.81963669
  .4800000000 -29.51286041
  .4850000000 -29.21068367
  .4900000000 -28.91447455
  .4950000000 -28.62553439
  .5000000000 -28.33949819
  .5050000000 -28.06259143
  .5100000000 -27.78888102
  .5150000000  .0090624696
  .5200000000  .0074040287
  .5250000000  .0058861123
  .5300000000  .0045023296
  .5350000000  .0032459835
  .5400000000  .0021102612
  .5450000000  .0010883871
  .5500000000  .0001737407
  .5550000000 -.0006400598
  .5600000000 -.0013591037
  .5650000000 -9.314986185
  .5700000000 -9.423827845
  .5750000000 -9.534810185
  .5800000000 -9.648894236
  .5850000000 -9.764966427
  .5900000000 -9.884647834
  .5950000000 -10.00629404
  .6000000000 -10.13195142
  .6050000000 -10.25970229
  .6100000000 -10.39174096
  .6150000000 -10.52617760
  .6200000000 -10.66503299
  .6250000000 -10.80679178
  .6300000000 -10.95293338
  .6350000000 -11.10271174
  .6400000000 -11.25664741
  .6450000000 -11.41521046
  .6500000000 -11.57749142
  .6550000000 -11.74567971
  .6600000000 -11.91749646
  .6650000000 -12.09564445
  .6700000000 -12.27855226
  .6750000000 -12.46677934
  .6800000000 -12.66186046
  .6850000000 -12.86200544
  .6900000000 -13.06937831
  .6950000000 -13.28361281
  .7000000000 -13.50399492
  .7050000000 -13.73300252
  .7100000000 -13.96974526
  .7150000000 -14.21394908
  .7200000000 -14.46750144
  .7250000000 -14.73077044
  .7300000000 -15.00309556
  .7350000000 -15.28508420
  .7400000000 -15.57925020
  .7450000000 -15.88487801
  .7500000000 -16.20226007
  .7550000000 -16.53221308
  .7600000000 -16.87562118
  .7650000000 -17.23502029
  .7700000000 -17.60988281
  .7750000000 -18.00118613
  .7800000000 -18.41012902
  .7850000000 -18.83801333
  .7900000000 -19.28625415
  .7950000000 -19.75639110
  .8000000000 -20.25010100
  .8050000000 -20.76921209
  .8100000000 -21.31571999
  .8150000000 -21.89180580
  .8200000000 -22.49985647
  .8250000000 -23.14248804
  .8300000000 -23.82257200
  .8350000000 -24.54326556
  .8400000000 -25.31167978
  .8450000000 -26.12883751
  .8500000000 -26.99907721
  .8550000000 -27.93014161
  .8600000000 -28.92880029
  .8650000000 -29.99846316
  .8700000000 -31.15476690
  .8750000000 -32.39982377
  .8800000000 -33.75136459
  .8850000000 -35.22001585
  .8900000000 -36.82075705
  .8950000000 -38.57372861
&
@ s3 color  2
@ s3 linestyle  1
@target s3
@type xy
  .5130146835 -10.000
  .5130146835  10.000
  .5625596278  10.000
  .5625596278 -10.000
&
@ s4 color  3
@ s4 linestyle  1
@ legend string 4 "(3)-(1)"
@target s4
@type xy
  .1000000000 -40.51069440
  .1050000000 -38.58295462
  .1100000000 -36.83106114
  .1150000000 -35.23120439
  .1200000000 -33.76324742
  .1250000000 -32.41221955
  .1300000000 -31.16750239
  .1350000000 -30.01140292
  .1400000000 -28.94180593
  .1450000000 -27.94311402
  .1500000000 -27.01192235
  .1550000000 -26.14147664
  .1600000000 -25.32405190
  .1650000000 -24.55531801
  .1700000000 -23.83425226
  .1750000000 -23.15375877
  .1800000000 -22.51068543
  .1850000000 -21.90216512
  .1900000000 -21.32558558
  .1950000000 -20.77856311
  .2000000000 -20.25891945
  .2050000000 -19.76466147
  .2100000000 -19.29396313
  .2150000000 -18.84514955
  .2200000000 -18.41668289
  .2250000000 -18.00714965
  .2300000000 -17.61524944
  .2350000000 -17.23978488
  .2400000000 -16.87977952
  .2450000000 -16.53575885
  .2500000000 -16.20519163
  .2550000000 -15.88719490
  .2600000000 -15.58095297
  .2650000000 -15.28617351
  .2700000000 -15.00357083
  .2750000000 -14.73063573
  .2800000000 -14.46676156
  .2850000000 -14.21260821
  .2900000000 -13.96780946
  .2950000000 -13.73048011
  .3000000000 -13.50089442
  .3050000000 -13.27994542
  .3100000000 -13.06515583
  .3150000000 -12.85724110
  .3200000000 -12.65657257
  .3250000000 -12.46098228
  .3300000000 -12.27226946
  .3350000000 -12.08889834
  .3400000000 -11.91030635
  .3450000000 -11.73808457
  .3500000000 -11.56950909
  .3550000000 -11.40688904
  .3600000000 -11.24801548
  .3650000000 -11.09381375
  .3700000000 -10.94381847
  .3750000000 -10.79749875
  .3800000000 -10.65563573
  .3850000000 -10.51670819
  .3900000000 -10.38230121
  .3950000000 -10.25031816
  .4000000000 -10.12275376
  .4050000000 -9.997305898
  .4100000000 -9.876026945
  .4150000000 -9.756740167
  .4200000000 -9.641239932
  .4250000000 -9.527772479
  .4300000000 -9.417589027
  .4350000000 -9.309628974
  .4400000000  .0013595384
  .4450000000  .0006394922
  .4500000000 -.0001754053
  .4550000000 -.0010911811
  .4600000000 -.0021141461
  .4650000000 -.0032508479
  .4700000000 -.0045079925
  .4750000000 -.0058923327
  .4800000000 -.0074105194
  .4850000000 -.0090689147
  .4900000000 -27.81118414
  .4950000000 -28.08887626
  .5000000000 -28.36984532
  .5050000000 -28.66053473
  .5100000000 -28.95417535
  .5150000000 -29.25546434
  .5200000000 -29.56299654
  .5250000000 -29.87527718
  .5300000000 -30.19744565
  .5350000000 -30.52305984
  .5400000000 -30.85929722
  .5450000000 -31.20058013
  .5500000000 -31.55045966
  .5550000000 -31.90827080
  .5600000000 -32.27298809
  .5650000000 -32.64824785
  .5700000000 -33.02910092
  .5750000000 -33.42280017
  .5800000000 -33.82120058
  .5850000000 -34.23441133
  .5900000000 -34.65263080
  .5950000000 -35.08578536
  .6000000000 -35.52506210
  .6050000000 -35.97987651
  .6100000000 -36.44151502
  .6150000000 -36.91992219
  .6200000000 -37.40547036
  .6250000000 -37.90947865
  .6300000000 -38.42194581
  .6350000000 -38.95245900
  .6400000000 -39.49433877
  .6450000000 -40.05317374
  .6500000000 -40.62722622
  .6550000000 -41.21637433
  .6600000000 -41.82565536
  .6650000000 -42.44852486
  .6700000000 -43.09519452
  .6750000000 -43.75867295
  .6800000000 -44.44199119
  .6850000000 -45.15006592
  .6900000000 -45.87705189
  .6950000000 -46.62993214
  .7000000000 -47.40861078
  .7050000000 -48.21023901
  .7100000000 -49.04188184
  .7150000000 -49.90364134
  .7200000000 -50.79325627
  .7250000000 -51.71445160
  .7300000000 -52.67427099
  .7350000000 -53.66791496
  .7400000000 -54.69766971
  .7450000000 -55.76734105
  .7500000000 -56.88438348
  .7550000000 -58.04537983
  .7600000000 -59.25341021
  .7650000000 -60.51181114
  .7700000000 -61.82419895
  .7750000000 -63.19575197
  .7800000000 -64.63233745
  .7850000000 -66.13506557
  .7900000000 -67.70886406
  .7950000000 -69.35909357
  .8000000000 -71.09159151
  .8050000000 -72.91272113
  .8100000000 -74.82942678
  .8150000000 -76.84929621
  .8200000000 -78.98063093
  .8250000000 -81.23357783
  .8300000000 -83.62433248
  .8350000000 -86.15885704
  .8400000000 -88.84949383
  .8450000000 -91.70985606
  .8500000000 -94.76597680
  .8550000000 -98.03427846
  .8600000000 -101.5265038
  .8650000000 -105.2896996
  .8700000000 -109.3297868
  .8750000000 -113.7036185
  .8800000000 -118.4286824
  .8850000000 -123.5699117
  .8900000000 -129.1769701
  .8950000000 -135.3104429
&
@ s5 color  3
@ s5 linestyle  1
@target s5
@type xy
  .4374403721 -10.000
  .4374403721  10.000
  .4869853164  10.000
  .4869853164 -10.000
&
