# ACE/gr parameter file
#
@    version 50122
@    world xmin 0.25
@    world xmax 0.75
@    title font 5
@    xaxis  tick major 0.1
@    xaxis  tick minor 0.02
@    xaxis  label "(r-r\s1\N)/d"
@    xaxis  label font 5
@    xaxis  label char size 1.2
@    xaxis  ticklabel font 4
@    xaxis  ticklabel char size 1
@    yaxis  tick major .1
@    yaxis  tick minor .02
@    yaxis  label font 4
@    yaxis  label char size 1.2
@    yaxis  ticklabel font 5
@    yaxis  ticklabel char size 1
@    title "potential between neighbors"
@    yaxis  label "V(r) (Ry)"
@    world ymin -10.
@    world ymax   .0
@    yaxis  tick major 2
@    yaxis  tick minor 1
@ s0 color  1
@ s0 linestyle  1
@ legend string 0 "(1)-(3)"
@target s0
@type xy
  .1000000000 -48.79109999
  .1050000000 -44.55434639
  .1100000000 -40.79137319
  .1150000000 -37.43019558
  .1200000000 -34.41835006
  .1250000000 -31.71367371
  .1300000000 -29.26151566
  .1350000000 -27.04957081
  .1400000000 -25.03127822
  .1450000000 -23.20453582
  .1500000000 -21.53134872
  .1550000000 -20.00417891
  .1600000000 -18.61116272
  .1650000000 -17.33183666
  .1700000000 -16.15627240
  .1750000000 -15.07541932
  .1800000000 -14.08548626
  .1850000000 -13.17372862
  .1900000000 -12.33249119
  .1950000000 -11.55559051
  .2000000000 -10.83736570
  .2050000000 -10.17263773
  .2100000000 -9.556673166
  .2150000000 -8.985151312
  .2200000000 -8.454134045
  .2250000000 -7.960037548
  .2300000000 -7.502145548
  .2350000000 -7.076108788
  .2400000000 -6.678216317
  .2450000000 -6.305975290
  .2500000000 -5.957137252
  .2550000000 -5.629676728
  .2600000000 -5.325881495
  .2650000000 -5.040700922
  .2700000000 -4.771734206
  .2750000000 -4.517635107
  .2800000000 -4.281381011
  .2850000000 -4.058554565
  .2900000000 -3.847008772
  .2950000000 -3.648143601
  .3000000000 -3.461821803
  .3050000000 -3.284059920
  .3100000000 -3.116533996
  .3150000000 -2.959243211
  .3200000000 -2.808458958
  .3250000000 -2.667356409
  .3300000000 -2.533315057
  .3350000000 -2.404852742
  .3400000000 -2.285565861
  .3450000000 -2.170289858
  .3500000000 -2.062383345
  .3550000000 -1.959340746
  .3600000000 -1.861295168
  .3650000000 -1.769114184
  .3700000000 -1.680136276
  .3750000000 -1.597621801
  .3800000000 -1.517006206
  .3850000000 -1.443113537
  .3900000000 -1.370589529
  .3950000000 -1.304044452
  .4000000000 -1.238814913
  .4050000000 -1.179046798
  .4100000000 -1.120354736
  .4150000000 -1.066906952
  .4200000000 -1.014099276
  .4250000000 -.9665463917
  .4300000000 -.9195690128
  .4350000000 -.8770058242
  .4400000000 -.8355080732
  .4450000000 -.7974314534
  .4500000000 -.7611064551
  .4550000000 -.7270624719
  .4600000000 -.6956457908
  .4650000000 -.6652190946
  .4700000000 -.6384881777
  .4750000000 -.6120401329
  .4800000000 -.5890649801
  .4850000000 -.5670698668
  .4900000000 -.5468648947
  .4950000000 -.5291896290
  .5000000000 -.5116920071
  .5050000000 -.4979777110
  .5100000000 -.4846674545
  .5150000000 -.4790719292
  .5200000000 -.4698624722
  .5250000000 -.4623850622
  .5300000000 -.4566217214
  .5350000000 -.4525595802
  .5400000000 -.4501909124
  .5450000000 -.4495131565
  .5500000000 -.4505289316
  .5550000000 -.4532460520
  .5600000000 -.4576775439
  .5650000000 -.4629916011
  .5700000000 -.4712639013
  .5750000000 -.4807925386
  .5800000000 -.4928239187
  .5850000000 -.5057787114
  .5900000000 -.5216505439
  .5950000000 -.5383072333
  .6000000000 -.5581434977
  .6050000000 -.5788137561
  .6100000000 -.6027792350
  .6150000000 -.6278188569
  .6200000000 -.6561182093
  .6250000000 -.6859344016
  .6300000000 -.7188120474
  .6350000000 -.7538702563
  .6400000000 -.7916110248
  .6450000000 -.8324416398
  .6500000000 -.8753721596
  .6550000000 -.9225773694
  .6600000000 -.9716676826
  .6650000000 -1.025329232
  .6700000000 -1.081898606
  .6750000000 -1.141882719
  .6800000000 -1.206755612
  .6850000000 -1.274650954
  .6900000000 -1.347672354
  .6950000000 -1.425378565
  .7000000000 -1.506981029
  .7050000000 -1.594884519
  .7100000000 -1.688116533
  .7150000000 -1.786318469
  .7200000000 -1.891291939
  .7250000000 -2.003312168
  .7300000000 -2.121618794
  .7350000000 -2.246715630
  .7400000000 -2.381007294
  .7450000000 -2.523657159
  .7500000000 -2.674830419
  .7550000000 -2.835207770
  .7600000000 -3.005526597
  .7650000000 -3.188152726
  .7700000000 -3.382386686
  .7750000000 -3.589015435
  .7800000000 -3.809028330
  .7850000000 -4.043496949
  .7900000000 -4.293582509
  .7950000000 -4.560544356
  .8000000000 -4.845749728
  .8050000000 -5.150685065
  .8100000000 -5.476969166
  .8150000000 -5.826368536
  .8200000000 -6.200815351
  .8250000000 -6.602428508
  .8300000000 -7.033538318
  .8350000000 -7.496715475
  .8400000000 -7.998225751
  .8450000000 -8.538574963
  .8500000000 -9.121383230
  .8550000000 -9.753475604
  .8600000000 -10.44078518
  .8650000000 -11.18608296
  .8700000000 -12.00387904
  .8750000000 -12.89580519
  .8800000000 -13.87870399
  .8850000000 -14.96269073
  .8900000000 -16.16218772
  .8950000000 -17.49687599
&
@ s1 color  1
@ s1 linestyle  1
@target s1
@type xy
  .5130146835 -10.000
  .5130146835  10.000
  .5625596278  10.000
  .5625596278 -10.000
&
@ s2 color  2
@ s2 linestyle  1
@ legend string 2 "(2)-(3)"
@target s2
@type xy
  .1000000000 -48.79110100
  .1050000000 -44.55434770
  .1100000000 -40.79137474
  .1150000000 -37.43019730
  .1200000000 -34.41835186
  .1250000000 -31.71367553
  .1300000000 -29.26151747
  .1350000000 -27.04957259
  .1400000000 -25.03127997
  .1450000000 -23.20453755
  .1500000000 -21.53135045
  .1550000000 -20.00418064
  .1600000000 -18.61116446
  .1650000000 -17.33183842
  .1700000000 -16.15627419
  .1750000000 -15.07542114
  .1800000000 -14.08548813
  .1850000000 -13.17373055
  .1900000000 -12.33249319
  .1950000000 -11.55559258
  .2000000000 -10.83736785
  .2050000000 -10.17263997
  .2100000000 -9.556675505
  .2150000000 -8.985153759
  .2200000000 -8.454136608
  .2250000000 -7.960040237
  .2300000000 -7.502148374
  .2350000000 -7.076111763
  .2400000000 -6.678219450
  .2450000000 -6.305978592
  .2500000000 -5.957140733
  .2550000000 -5.629680398
  .2600000000 -5.325885367
  .2650000000 -5.040705006
  .2700000000 -4.771738509
  .2750000000 -4.517639635
  .2800000000 -4.281385772
  .2850000000 -4.058559560
  .2900000000 -3.847013998
  .2950000000 -3.648149056
  .3000000000 -3.461827474
  .3050000000 -3.284065794
  .3100000000 -3.116540054
  .3150000000 -2.959249420
  .3200000000 -2.808465294
  .3250000000 -2.667362825
  .3300000000 -2.533321509
  .3350000000 -2.404859198
  .3400000000 -2.285572242
  .3450000000 -2.170296137
  .3500000000 -2.062389455
  .3550000000 -1.959346650
  .3600000000 -1.861300828
  .3650000000 -1.769119565
  .3700000000 -1.680141365
  .3750000000 -1.597626592
  .3800000000 -1.517010701
  .3850000000 -1.443117779
  .3900000000 -1.370593528
  .3950000000 -1.304048294
  .4000000000 -1.238818612
  .4050000000 -1.179050469
  .4100000000 -1.120358387
  .4150000000 -1.066910702
  .4200000000 -1.014103125
  .4250000000 -.9665504355
  .4300000000 -.9195732499
  .4350000000 -.8770102878
  .4400000000 -.8355127658
  .4450000000 -.7974363521
  .4500000000 -.7611115485
  .4550000000 -.7270677166
  .4600000000 -.6956511359
  .4650000000 -.6652245194
  .4700000000 -.6384935799
  .4750000000 -.6120455128
  .4800000000 -.5890702543
  .4850000000 -.5670750171
  .4900000000 -.5468699131
  .4950000000 -.5291945030
  .5000000000 -.5116967383
  .5050000000 -.4979824219
  .5100000000 -.4846721543
  .5150000000 -.4790763491
  .5200000000 -.4698638172
  .5250000000 -.4623836526
  .5300000000 -.4566179433
  .5350000000 -.4525538730
  .5400000000 -.4501837545
  .5450000000 -.4495050519
  .5500000000 -.4505203962
  .5550000000 -.4532376006
  .5600000000 -.4576696777
  .5650000000 -.4630011531
  .5700000000 -.4712728867
  .5750000000 -.4808009725
  .5800000000 -.4928318392
  .5850000000 -.5057861264
  .5900000000 -.5216574970
  .5950000000 -.5383137289
  .6000000000 -.5581495806
  .6050000000 -.5788194304
  .6100000000 -.6027845432
  .6150000000 -.6278238052
  .6200000000 -.6561228352
  .6250000000 -.6859387155
  .6300000000 -.7188160794
  .6350000000 -.7538740225
  .6400000000 -.7916145468
  .6450000000 -.8324449399
  .6500000000 -.8753752500
  .6550000000 -.9225802793
  .6600000000 -.9716704192
  .6650000000 -1.025331822
  .6700000000 -1.081901060
  .6750000000 -1.141885053
  .6800000000 -1.206757845
  .6850000000 -1.274653094
  .6900000000 -1.347674419
  .6950000000 -1.425380566
  .7000000000 -1.506982976
  .7050000000 -1.594886427
  .7100000000 -1.688118409
  .7150000000 -1.786320322
  .7200000000 -1.891293779
  .7250000000 -2.003314003
  .7300000000 -2.121620630
  .7350000000 -2.246717472
  .7400000000 -2.381009149
  .7450000000 -2.523659030
  .7500000000 -2.674832310
  .7550000000 -2.835209682
  .7600000000 -3.005528534
  .7650000000 -3.188154687
  .7700000000 -3.382388673
  .7750000000 -3.589017446
  .7800000000 -3.809030365
  .7850000000 -4.043499005
  .7900000000 -4.293584584
  .7950000000 -4.560546445
  .8000000000 -4.845751828
  .8050000000 -5.150687172
  .8100000000 -5.476971273
  .8150000000 -5.826370637
  .8200000000 -6.200817441
  .8250000000 -6.602430581
  .8300000000 -7.033540366
  .8350000000 -7.496717491
  .8400000000 -7.998227729
  .8450000000 -8.538576896
  .8500000000 -9.121385113
  .8550000000 -9.753477431
  .8600000000 -10.44078695
  .8650000000 -11.18608467
  .8700000000 -12.00388069
  .8750000000 -12.89580677
  .8800000000 -13.87870552
  .8850000000 -14.96269221
  .8900000000 -16.16218917
  .8950000000 -17.49687741
&
@ s3 color  2
@ s3 linestyle  1
@target s3
@type xy
  .5130146835 -10.000
  .5130146835  10.000
  .5625596278  10.000
  .5625596278 -10.000
&
@ s4 color  3
@ s4 linestyle  1
@ legend string 4 "(3)-(1)"
@target s4
@type xy
  .1000000000 -18.99013834
  .1050000000 -17.49687599
  .1100000000 -16.16218772
  .1150000000 -14.96269073
  .1200000000 -13.87870399
  .1250000000 -12.89580519
  .1300000000 -12.00387904
  .1350000000 -11.18608296
  .1400000000 -10.44078518
  .1450000000 -9.753475604
  .1500000000 -9.121383230
  .1550000000 -8.538574963
  .1600000000 -7.998225751
  .1650000000 -7.496715475
  .1700000000 -7.033538318
  .1750000000 -6.602428508
  .1800000000 -6.200815351
  .1850000000 -5.826368536
  .1900000000 -5.476969166
  .1950000000 -5.150685065
  .2000000000 -4.845749728
  .2050000000 -4.560544356
  .2100000000 -4.293582509
  .2150000000 -4.043496949
  .2200000000 -3.809028330
  .2250000000 -3.589015435
  .2300000000 -3.382386686
  .2350000000 -3.188152726
  .2400000000 -3.005526597
  .2450000000 -2.835207770
  .2500000000 -2.674830419
  .2550000000 -2.523657159
  .2600000000 -2.381007294
  .2650000000 -2.246715630
  .2700000000 -2.121618794
  .2750000000 -2.003312168
  .2800000000 -1.891291939
  .2850000000 -1.786318469
  .2900000000 -1.688116533
  .2950000000 -1.594884519
  .3000000000 -1.506981029
  .3050000000 -1.425378565
  .3100000000 -1.347672354
  .3150000000 -1.274650954
  .3200000000 -1.206755612
  .3250000000 -1.141882719
  .3300000000 -1.081898606
  .3350000000 -1.025329232
  .3400000000 -.9716676826
  .3450000000 -.9225773694
  .3500000000 -.8753721596
  .3550000000 -.8324416398
  .3600000000 -.7916110248
  .3650000000 -.7538702563
  .3700000000 -.7188120474
  .3750000000 -.6859344016
  .3800000000 -.6561182093
  .3850000000 -.6278188569
  .3900000000 -.6027792350
  .3950000000 -.5788137561
  .4000000000 -.5581434977
  .4050000000 -.5383072333
  .4100000000 -.5216505439
  .4150000000 -.5057787114
  .4200000000 -.4928239187
  .4250000000 -.4807925386
  .4300000000 -.4712639013
  .4350000000 -.4629916011
  .4400000000 -.4576775439
  .4450000000 -.4532460520
  .4500000000 -.4505289316
  .4550000000 -.4495131565
  .4600000000 -.4501909124
  .4650000000 -.4525595802
  .4700000000 -.4566217214
  .4750000000 -.4623850622
  .4800000000 -.4698624722
  .4850000000 -.4790719292
  .4900000000 -.4846674545
  .4950000000 -.4979777110
  .5000000000 -.5116920071
  .5050000000 -.5291896290
  .5100000000 -.5468648947
  .5150000000 -.5670698668
  .5200000000 -.5890649801
  .5250000000 -.6120401329
  .5300000000 -.6384881777
  .5350000000 -.6652190946
  .5400000000 -.6956457908
  .5450000000 -.7270624719
  .5500000000 -.7611064551
  .5550000000 -.7974314534
  .5600000000 -.8355080732
  .5650000000 -.8770058242
  .5700000000 -.9195690128
  .5750000000 -.9665463917
  .5800000000 -1.014099276
  .5850000000 -1.066906952
  .5900000000 -1.120354736
  .5950000000 -1.179046798
  .6000000000 -1.238814913
  .6050000000 -1.304044452
  .6100000000 -1.370589529
  .6150000000 -1.443113537
  .6200000000 -1.517006206
  .6250000000 -1.597621801
  .6300000000 -1.680136276
  .6350000000 -1.769114184
  .6400000000 -1.861295168
  .6450000000 -1.959340746
  .6500000000 -2.062383345
  .6550000000 -2.170289858
  .6600000000 -2.285565861
  .6650000000 -2.404852742
  .6700000000 -2.533315057
  .6750000000 -2.667356409
  .6800000000 -2.808458958
  .6850000000 -2.959243211
  .6900000000 -3.116533996
  .6950000000 -3.284059920
  .7000000000 -3.461821803
  .7050000000 -3.648143601
  .7100000000 -3.847008772
  .7150000000 -4.058554565
  .7200000000 -4.281381011
  .7250000000 -4.517635107
  .7300000000 -4.771734206
  .7350000000 -5.040700922
  .7400000000 -5.325881495
  .7450000000 -5.629676728
  .7500000000 -5.957137252
  .7550000000 -6.305975290
  .7600000000 -6.678216317
  .7650000000 -7.076108788
  .7700000000 -7.502145548
  .7750000000 -7.960037548
  .7800000000 -8.454134045
  .7850000000 -8.985151312
  .7900000000 -9.556673166
  .7950000000 -10.17263773
  .8000000000 -10.83736570
  .8050000000 -11.55559051
  .8100000000 -12.33249119
  .8150000000 -13.17372862
  .8200000000 -14.08548626
  .8250000000 -15.07541932
  .8300000000 -16.15627240
  .8350000000 -17.33183666
  .8400000000 -18.61116272
  .8450000000 -20.00417891
  .8500000000 -21.53134872
  .8550000000 -23.20453582
  .8600000000 -25.03127822
  .8650000000 -27.04957081
  .8700000000 -29.26151566
  .8750000000 -31.71367371
  .8800000000 -34.41835006
  .8850000000 -37.43019558
  .8900000000 -40.79137319
  .8950000000 -44.55434639
&
@ s5 color  3
@ s5 linestyle  1
@target s5
@type xy
  .4374403721 -10.000
  .4374403721  10.000
  .4869853164  10.000
  .4869853164 -10.000
&
