  Type    Harmonic   (l)             Total
     1
                 0     0  262.285212492557
                 1     2 -.000090501157913
                 2     2  .000144992562980
                 3     2  .000066231303262
                 4     4 -.000023523792479
                 5     4 -.027942134022186
                 6     4  .006296258160192
                 7     4  .000027509692467
                 8     4  .015919573911057
                 9     6 -.005239060979963
                10     6  .000034763085298
                11     6  .003554200863236
                12     6  .006311613756528
                13     6  .000023676491094
                14     6  .006454804578981
                15     6 -.000022836489226
                16     8  .000006483109216
                17     8  .011790854974831
                18     8  .000009413086056
                19     8  .005296179577116
                20     8 -.008540958920603
                21     8 -.000003328478897
                22     8  .012604098665252
                23     8  .000001894894029
                24     8 -.006921515117713
     2
                 0     0  262.285212492568
                 1     2 -.000090501159116
                 2     2  .000144992564252
                 3     2  .000066231304679
                 4     4 -.000023523791845
                 5     4 -.027942134022505
                 6     4  .006296258160223
                 7     4  .000027509691895
                 8     4  .015919573910758
                 9     6 -.005239060979603
                10     6  .000034763085289
                11     6  .003554200863019
                12     6  .006311613756057
                13     6  .000023676491014
                14     6  .006454804578752
                15     6 -.000022836488967
                16     8  .000006483109264
                17     8  .011790854974663
                18     8  .000009413086177
                19     8  .005296179577061
                20     8 -.008540958920566
                21     8 -.000003328479018
                22     8  .012604098665007
                23     8  .000001894893943
                24     8 -.006921515117668
     3
                 0     0  45.9836140550720
                 1     1 -.000000000001558
                 2     1 -.000000000000265
                 3     2  .000045112013565
                 4     2 -.000076629104441
                 5     2 -.000034673492111
                 6     3 -.000000000000516
                 7     3 -.000000000000116
                 8     3  .000000000000307
                 9     3  .000000000000059
                10     4 -.000014650262950
                11     4 -.168700591615914
                12     4  .037716937169936
                13     4  .000016287930516
                14     4  .095624163143128
                15     5 -.000000000000063
                16     5  .000000000000178
                17     5  .000000000000183
                18     5  .000000000000062
                19     5 -.000000000000002
                20     5 -.000000000000009
                21     6 -.012373169241459
                22     6  .000009000074723
                23     6  .008343111751671
                24     6  .014954307323007
                25     6 -.000000280944757
                26     6  .015228721869502
                27     6 -.000008067147596
                28     7 -.000000000000019
                29     7  .000000000000048
                30     7  .000000000000096
                31     7 -.000000000000077
                32     7 -.000000000000038
                33     7 -.000000000000010
                34     7 -.000000000000082
                35     7 -.000000000000066
                36     8  .000002601365923
                37     8  .007210644773500
                38     8  .000001597582683
                39     8  .003234950218436
                40     8 -.005220716957872
                41     8 -.000001792959471
                42     8  .007715177056613
                43     8 -.000000705746234
                44     8 -.004229052925363
