"Start runs aprun -n 96 ./rspt 1.00e-12 500 on beskow-login4.pdc.kth.se,  Tue May 29 11:40:37 2018"
  1.44326430e-03 -6371.38185113786  6.37138185e+03
  1.04848950e-03 -6371.66205957359  2.80208436e-01
  1.59637970e-04 -6372.23460186289  5.72542289e-01
  1.40506280e-04 -6372.24501837709  1.04165142e-02
  1.04705080e-04 -6372.24681401322  1.79563613e-03
  8.72584110e-06 -6372.24878243744  1.96842422e-03
  6.80172770e-06 -6372.24979045291  1.00801547e-03
  7.28609100e-07 -6372.25350552916  3.71507625e-03
  2.04327410e-07 -6372.25368793446  1.82405300e-04
  1.68887240e-07 -6372.25370971960  2.17851402e-05
  1.17042990e-08 -6372.25386860663  1.58887030e-04
  1.03175200e-08 -6372.25386968750  1.08086988e-06
  2.22764180e-09 -6372.25388738948  1.77019801e-05
  1.51527910e-09 -6372.25389157254  4.18305990e-06
  3.41920640e-11 -6372.25390549451  1.39219701e-05
  2.83209270e-11 -6372.25390542612  6.83903636e-08
  4.59125900e-12 -6372.25390447163  9.54489224e-07
  3.92192970e-12 -6372.25390459258  1.20949153e-07
  6.30104040e-13 -6372.25390405491  5.37669621e-07
