"Start runs aprun -n 96 ./rspt 1.00e-12 500 on beskow-login4.pdc.kth.se, Tue May 29 11:40:37 2018"
     0, -6371.38185113786
     1, -6371.66205957359
     2, -6372.23460186289
     3, -6372.24501837709
     4, -6372.24681401322
     5, -6372.24878243744
     6, -6372.24979045291
     7, -6372.25350552916
     8, -6372.25368793446
     9, -6372.25370971960
    10, -6372.25386860663
    11, -6372.25386968750
    12, -6372.25388738948
    13, -6372.25389157254
    14, -6372.25390549451
    15, -6372.25390542612
    16, -6372.25390447163
    17, -6372.25390459258
    18, -6372.25390405491
