 (i6, f12.0, f18.0, f8.3, i6)
   670  60.0000000  0.02500000000000  28.000     2
 (3e22.14)
  2.99785627573472e-06  3.14822239435900e-06  3.30613016966940e-06
  3.47195782587848e-06  3.64610255336518e-06  3.82898145956352e-06
  4.02103256751152e-06  4.22271586444843e-06  4.43451440296713e-06
  4.65693545735490e-06  4.89051173788845e-06  5.13580266598233e-06
  5.39339571324571e-06  5.66390780763893e-06  5.94798681010576e-06
  6.24631306518751e-06  6.55960102936121e-06  6.88860098093736e-06
  7.23410081569041e-06  7.59692793238583e-06  7.97795121286883e-06
  8.37808310127947e-06  8.79828178750359e-06  9.23955349997536e-06
  9.70295491336946e-06  1.01895956768886e-05  1.07006410692423e-05
  1.12373147865671e-05  1.18009018700845e-05  1.23927517802860e-05
  1.30142816252380e-05  1.36669795504492e-05  1.43524082986199e-05
  1.50722089476065e-05  1.58281048356251e-05  1.66219056829827e-05
  1.74555119202703e-05  1.83309192331910e-05  1.92502233350991e-05
  2.02156249782980e-05  2.12294352164709e-05  2.22940809303541e-05
  2.34121106302078e-05  2.45862005486479e-05  2.58191610385313e-05
  2.71139432910185e-05  2.84736463899870e-05  2.99015247193512e-05
  3.14009957413262e-05  3.29756481636074e-05  3.46292505156196e-05
  3.63657601535287e-05  3.81893327160898e-05  4.01043320533929e-05
  4.21153406524212e-05  4.42271705840235e-05  4.64448749976227e-05
  4.87737601905825e-05  5.12193982815936e-05  5.37876405172840e-05
  5.64846312448720e-05  5.93168225828507e-05  6.22909898256343e-05
  6.54142476180190e-05  6.86940669383570e-05  7.21382929304329e-05
  7.57551636268458e-05  7.95533296076426e-05  8.35418746419568e-05
  8.77303373600744e-05  9.21287340093149e-05  9.67475823456515e-05
  1.01597926719499e-04  1.06691364413879e-04  1.12040073298175e-04
  1.17656840862417e-04  1.23555094701626e-04  1.29748934521235e-04
  1.36253165741045e-04  1.43083334775177e-04  1.50255766073590e-04
  1.57787601011031e-04  1.65696838716666e-04  1.74002378939698e-04
  1.82724067053956e-04  1.91882741305036e-04  2.01500282415477e-04
  2.11599665660246e-04  2.22205015540238e-04  2.33341663178701e-04
  2.45036206578678e-04  2.57316573881763e-04  2.70212089778430e-04
  2.83753545224678e-04  2.97973270631554e-04  3.12905212695911e-04
  3.28585015058490e-04  3.45050102972010e-04  3.62339772185303e-04
  3.80495282245974e-04  3.99559954444914e-04  4.19579274629608e-04
  4.40601001129284e-04  4.62675278042033e-04  4.85854754153282e-04
  5.10194707757485e-04  5.35753177684035e-04  5.62591100822083e-04
  5.90772456477412e-04  6.20364417887923e-04  6.51437511258432e-04
  6.84065782680848e-04  7.18326973331887e-04  7.54302703351559e-04
  7.92078664836999e-04  8.31744824389341e-04  8.73395635699300e-04
  9.17130262645222e-04  9.63052813440937e-04  1.01127258635822e-03
  1.06190432760480e-03  1.11506850194644e-03  1.17089157670363e-03
  1.22950631977101e-03  1.29105211235784e-03  1.35567527715192e-03
  1.42352942268758e-03  1.49477580467654e-03  1.56958370516490e-03
  1.64813083035650e-03  1.73060372803423e-03  1.81719822552148e-03
  1.90811988919376e-03  2.00358450657632e-03  2.10381859214646e-03
  2.20905991796278e-03  2.31955807036241e-03  2.43557503395438e-03
  2.55738580426171e-03  2.68527903037694e-03  2.81955768910327e-03
  2.96053979207360e-03  3.10855912748556e-03  3.26396603805504e-03
  3.42712823701453e-03  3.59843166390417e-03  3.77828138213712e-03
  3.96710252029692e-03  4.16534125929275e-03  4.37346586754756e-03
  4.59196778654381e-03  4.82136276908982e-03  5.06219207288712e-03
  5.31502371193942e-03  5.58045376867344e-03  5.85910776953172e-03
  6.15164212715536e-03  6.45874565223372e-03  6.78114113836332e-03
  7.11958702332670e-03  7.47487913043906e-03  7.84785249365763e-03
  8.23938327049852e-03  8.65039074671740e-03  9.08183943724930e-03
  9.53474128769152e-03  1.00101579811979e-02  1.05092033555565e-02
  1.10330459356451e-02  1.15829115865468e-02  1.21600862929778e-02
  1.27659190707281e-02  1.34018250163720e-02  1.40692885013189e-02
  1.47698665171513e-02  1.55051921787920e-02  1.62769783929923e-02
  1.70870216994207e-02  1.79372062922968e-02  1.88295082306089e-02
  1.97659998455296e-02  2.07488543536515e-02  2.17803506855634e-02
  2.28628785388784e-02  2.39989436662607e-02  2.51911734082123e-02
  2.64423224819263e-02  2.77552790370487e-02  2.91330709902364e-02
  3.05788726504493e-02  3.20960116477882e-02  3.36879761785878e-02
  3.53584225808777e-02  3.71111832534946e-02  3.89502749344435e-02
  4.08799073525989e-02  4.29044922693353e-02  4.50286529256925e-02
  4.72572339123012e-02  4.95953114791770e-02  5.20482043037877e-02
  5.46214847353898e-02  5.73209905358269e-02  6.01528371352706e-02
  6.31234304251393e-02  6.62394801075143e-02  6.95080136243990e-02
  7.29363906881349e-02  7.65323184367486e-02  8.03038672374272e-02
  8.42594871631891e-02  8.84080251666776e-02  9.27587429783950e-02
  9.73213357532354e-02  1.02105951495230e-01  1.07123211284792e-01
  1.12384230339230e-01  1.17900639933151e-01  1.23684610209039e-01
  1.29748873906635e-01  1.36106751042325e-01  1.42772174566943e-01
  1.49759717035454e-01  1.57084618316062e-01  1.64762814373271e-01
  1.72810967153310e-01  1.81246495605285e-01  1.90087607867221e-01
  1.99353334650827e-01  2.09063563851065e-01  2.19239076417320e-01
  2.29901583507685e-01  2.41073764963363e-01  2.52779309124248e-01
  2.65042954017134e-01  2.77890529939078e-01  2.91349003461825e-01
  3.05446522876454e-01  3.20212465102425e-01  3.35677484071688e-01
  3.51873560612187e-01  3.68834053830050e-01  3.86593754011330e-01
  4.05188937036377e-01  4.24657420314584e-01  4.45038620229585e-01
  4.66373611088394e-01  4.88705185553369e-01  5.12077916542243e-01
  5.36538220554508e-01  5.62134422404199e-01  5.88916821291284e-01
  6.16937758179623e-01  6.46251684396659e-01  6.76915231393123e-01
  7.08987281566280e-01  7.42529040053170e-01  7.77604107370793e-01
  8.14278552788467e-01  8.52620988265868e-01  8.92702642826070e-01
  9.34597437143910e-01  9.78382058190860e-01  1.02413603367989e+00
  1.07194180609214e+00  1.12188480600211e+00  1.17405352442060e+00
  1.22853958381910e+00  1.28543780751214e+00  1.34484628697926e+00
  1.40686644677084e+00  1.47160310648155e+00  1.53916453938325e+00
  1.60966252713423e+00  1.68321241005111e+00  1.75993313231197e+00
  1.83994728147254e+00  1.92338112156883e+00  2.01036461912188e+00
  2.10103146118224e+00  2.19551906467553e+00  2.29396857603770e+00
  2.39652486031739e+00  2.50333647863319e+00  2.61455565301778e+00
  2.73033821743593e+00  2.85084355392504e+00  2.97623451244016e+00
  3.10667731331711e+00  3.24234143077681e+00  3.38339945622799e+00
  3.53002693974166e+00  3.68240220829429e+00  3.84070615898592e+00
  4.00512202584484e+00  4.17583511819018e+00  4.35303252910397e+00
  4.53690281196163e+00  4.72763562335803e+00  4.92542133039067e+00
  5.13045058063130e+00  5.34291383250765e+00  5.56300084469054e+00
  5.79090012194059e+00  6.02679831614910e+00  6.27087958018000e+00
  6.52332487306206e+00  6.78431121454567e+00  7.05401088755861e+00
  7.33259058673940e+00  7.62021051201550e+00  7.91702340542023e+00
  8.22317353078690e+00  8.53879559461387e+00  8.86401360836431e+00
  9.19893969111999e+00  9.54367281323767e+00  9.89829748073491e+00
  1.02628823620808e+01  1.06374788573520e+01  1.10221196132249e+01
  1.14168169841191e+01  1.18215614443605e+01  1.22363199533429e+01
  1.26610342791135e+01  1.30956192847338e+01  1.35399611839249e+01
  1.39939157720261e+01  1.44573066411897e+01  1.49299233869196e+01
  1.54115198179808e+01  1.59018121780556e+01  1.64004773938117e+01
  1.69071513605908e+01  1.74214272819136e+01  1.79428540771396e+01
  1.84709348765340e+01  1.90051256190731e+01  1.95448337771912e+01
  2.00894172243261e+01  2.06381832729566e+01  2.11903879023670e+01
  2.17452352042546e+01  2.23018770692585e+01  2.28594131449199e+01
  2.34168910874821e+01  2.39733071433611e+01  2.45276070804691e+01
  2.50786875073294e+01  2.56253976020099e+01  2.61665412848614e+01
  2.67008798603439e+01  2.72271351575859e+01  2.77439931930451e+01
  2.82501083832912e+01  2.87441083245413e+01  2.92245991651716e+01
  2.96901715772244e+01  3.01394073513179e+01  3.05708866072447e+01
  3.09831956371232e+01  3.13749353643367e+01  3.17447304171514e+01
  3.20912387928437e+01  3.24131620912806e+01  3.27092562787843e+01
  3.29783429447033e+01  3.32193209893408e+01  3.34311786898560e+01
  3.36130060552626e+01  3.37640074028534e+01  3.38835140373552e+01
  3.39709969441603e+01  3.40260793590391e+01  3.40485490932909e+01
  3.40383704618664e+01  3.39956956698284e+01  3.39208754786235e+01
  3.38144689976388e+01  3.36772523984511e+01  3.35102263847633e+01
  3.33146222111244e+01  3.30919060665199e+01  3.28437816219691e+01
  3.25721905600178e+01  3.22793108875981e+01  3.19675528757277e+01
  3.16395524363665e+01  3.12981618184121e+01  3.09464374661535e+01
  3.05876249591364e+01  3.02251409410171e+01  2.98625520023986e+01
  2.95035505007086e+01  2.91519273557232e+01  2.88115418814813e+01
  2.84862887878811e+01  2.81800624999011e+01  2.78967190353658e+01
  2.76400356841043e+01  2.74136688373976e+01  2.72211103221941e+01
  2.70656426818719e+01  2.69502938757215e+01  2.68777919228494e+01
  2.68505200655062e+01  2.68704730536856e+01  2.69392151980613e+01
  2.70578408575138e+01  2.72269380446345e+01  2.74465558472522e+01
  2.77161763548338e+01  2.80346917746632e+01  2.84003873888039e+01
  2.88109309802281e+01  2.92633692884076e+01  2.97541320179159e+01
  3.02790438199431e+01  3.08333446075055e+01  3.14117184382272e+01
  3.20083311135441e+01  3.26168764925605e+01  3.32306314179174e+01
  3.38425189823992e+01  3.44451797434705e+01  3.50310503307047e+01
  3.55924487453437e+01  3.61216655021825e+01  3.66110596203706e+01
  3.70531583236909e+01  3.74407591935221e+01  3.77670333877887e+01
  3.80256284449754e+01  3.82107691068778e+01  3.83173545262623e+01
  3.83410501882952e+01  3.82783728639691e+01  3.81267669095042e+01
  3.78846703008023e+01  3.75515688185340e+01  3.71280369612010e+01
  3.66157642484460e+01  3.60175657932869e+01  3.53373761971362e+01
  3.45802260818047e+01  3.37522008127610e+01  3.28603813055132e+01
  3.19127670714207e+01  3.09181820566047e+01  2.98861641327482e+01
  2.88268394927813e+01  2.77507835487602e+01  2.66688702902393e+01
  2.55921123915037e+01  2.45314946705895e+01  2.34978037581190e+01
  2.25014570708004e+01  2.15523343204910e+01  2.06596149001945e+01
  1.98316244779392e+01  1.90756940752316e+01  1.83980347297491e+01
  1.78036306080524e+01  1.72961530959419e+01  1.68778979879154e+01
  1.65497474345853e+01  1.63111577658516e+01  1.61601737630078e+01
  1.60934693529002e+01  1.61064141091622e+01  1.61931643524317e+01
  1.63467770701545e+01  1.65593443330979e+01  1.68221453883193e+01
  1.71258131663040e+01  1.74605115700026e+01  1.78161196298051e+01
  1.81824184225894e+01  1.85492765780575e+01  1.89068302378286e+01
  1.92456534945370e+01  1.95569156210722e+01  1.98325217892780e+01
  2.00652344705569e+01  2.02487732782265e+01  2.03778916440066e+01
  2.04484293854574e+01  2.04573408975390e+01  2.04026993648109e+01
  2.02836780128320e+01  2.01005099840325e+01  1.98544289100202e+01
  1.95475926503181e+01  1.91829929658073e+01  1.87643540895171e+01
  1.82960232499804e+01  1.77828561948964e+01  1.72301006651981e+01
  1.66432805966488e+01  1.60280835787458e+01  1.53902538122984e+01
  1.47354924720704e+01  1.40693670289931e+01  1.33972307254587e+01
  1.27241530358695e+01  1.20548616023155e+01  1.13936958132325e+01
  1.07445718975264e+01  1.01109591543747e+01  9.49586671417475e+00
  8.90184004770419e+00  8.33096629909435e+00  7.78488741531269e+00
  7.26481997751065e+00  6.77158060932152e+00  6.30561583291157e+00
  5.86703527118209e+00  5.45564714158536e+00  5.07099505683558e+00
  4.71239523085387e+00  4.37897328500632e+00  4.06969995363458e+00
  3.78342509719996e+00  3.51890954194158e+00  3.27485437459333e+00
  3.04992742475831e+00  2.84278676938407e+00  2.65210118055586e+00
  2.47656752305725e+00  2.31492517568568e+00  2.16596761072092e+00
  2.02855131339082e+00  1.90160225853564e+00  1.78412018729331e+00
  1.67518094115563e+00  1.57393711613666e+00  1.47961729773859e+00
  1.39152412759101e+00  1.30903143842713e+00  1.23158067483469e+00
  1.15867679576396e+00  1.08988383122043e+00  1.02482024159314e+00
  9.63154204177099e-01  9.04598928717852e-01  8.48908082367698e-01
  7.95871385396960e-01  7.45310421795828e-01  6.97074694491920e-01
  6.51037942716522e-01  6.07094729355730e-01  5.65157298626841e-01
  5.25152698969055e-01  4.87020162314549e-01  4.50708728748776e-01
  4.16175104518891e-01  3.83381741311600e-01  3.52295125244637e-01
  3.22884264992759e-01  2.95119369599618e-01  2.68970707617364e-01
  2.44407640294938e-01  2.21397822057509e-01  1.99906562146151e-01
  1.79896341087075e-01  1.61326475479930e-01  1.44152923795758e-01
  1.28328225005459e-01  1.13801560585653e-01  1.00518929232595e-01
  8.84234221786937e-02  7.74555857936183e-02  6.75538569616016e-02
  5.86550558642851e-02  5.06949201848063e-02  4.36086645423897e-02
  3.73315491301856e-02  3.17994421364866e-02  2.69493615245463e-02
  2.27199831467949e-02  1.90521038851914e-02  1.58890505161933e-02
  1.31770271828031e-02  1.08653966629474e-02  8.90689293526031e-03
  7.25776479465817e-03  5.87785235879739e-03  4.73060017545016e-03
  3.78301221904911e-03  3.00555532040230e-03  2.37201847368458e-03
  1.85933601139876e-03  1.44738283589054e-03  1.11874977691891e-03
  8.58506745572595e-04  6.53960726003140e-04  4.94414841681758e-04
  3.70933811359056e-04  2.76120123569917e-04  2.03904264453206e-04
  1.49351368216852e-04  1.08485772841062e-04  7.81341615284546e-05
  5.57873007188151e-05  3.94798242391436e-05  2.76870864395582e-05
  1.92378078170908e-05  1.32410218616722e-05  9.02575399415912e-06
  6.09181974280522e-06  4.07018907419406e-06  2.69144424487930e-06
  1.76098429552802e-06  1.13977093718911e-06  7.29559924624154e-07
  4.61712351278920e-07  2.88822753210772e-07  1.78533370880862e-07
  1.09021063146448e-07  6.57469776469373e-08  3.91455826711898e-08
  2.30035713418879e-08  1.33374344086991e-08  7.62729567463121e-09
  4.30070534240601e-09  2.39018081563633e-09  1.30881985255421e-09
  7.05891262996185e-10  3.74818462728797e-10  1.95874594292640e-10
  1.00696882700558e-10  5.09049474147557e-11  2.52951390699477e-11
  1.23498178864345e-11  5.92156771139172e-12  2.78719246651200e-12
  1.28720537740807e-12  5.83002934847538e-13  2.58834343941145e-13
  1.12585522039461e-13  4.79542642299576e-14  1.99906277148105e-14
  8.15169380810821e-15  3.24966140725592e-15  1.26582248284813e-15
  4.81640984185743e-16  1.78866197588294e-16  6.47895173368563e-17
  2.28762066337822e-17  7.86854365621080e-18  2.63486385717896e-18
  8.58440140789869e-19  2.71789789806253e-19  8.36089084050377e-20
  2.49674327516355e-20  7.23227545410996e-21  2.03060661868510e-21
  5.52189949069387e-22  1.45317208060211e-22  3.69791699065203e-23
  9.09172136872040e-24  2.15780703552514e-24  4.93942656891038e-25
  1.08955431061812e-25  2.31383045217949e-26  4.72625435707117e-27
  9.27659786683721e-28  1.74791383440091e-28  3.15845541468352e-29
  5.46772635570155e-30
  8.57961410760010e-25  9.78774145284793e-25  1.11659446433969e-24
  1.27381588485978e-24  1.45316864829524e-24  1.65776707044772e-24
  1.89116354609706e-24  2.15741014311488e-24  2.46112885194879e-24
  2.80759170590316e-24  3.20281215827697e-24  3.65364929674682e-24
  4.16792669720059e-24  4.75456797193523e-24  5.42375135536752e-24
  6.18708599895159e-24  7.05781302159893e-24  8.05103478895762e-24
  9.18397638173387e-24  1.04762837683151e-23  1.19503638295447e-23
  1.36317721049065e-23  1.55496549513834e-23  1.77372537435909e-23
  2.02324798119939e-23  2.30785700337043e-23  2.63248343783513e-23
  3.00275082933606e-23  3.42507246161580e-23  3.90676217556696e-23
  4.45616072276539e-23  5.08277982974276e-23  5.79746645256967e-23
  6.61259004791947e-23  7.54225608188530e-23  8.60254944789791e-23
  9.81181197809405e-23  1.11909588169272e-22  1.27638390917959e-22
  1.45576470742225e-22  1.66033908896864e-22  1.89364268190811e-22
  2.15970683569567e-22  2.46312804699620e-22  2.80914709551739e-22
  3.20373924568114e-22  3.65371705894160e-22  4.16684757677746e-22
  4.75198587954125e-22  5.41922730552546e-22  6.18008093261496e-22
  7.04766728699011e-22  8.03694365575427e-22  9.16496084994089e-22
  1.04511557990830e-21  1.19176849673529e-21  1.35898042745248e-21
  1.54963019941510e-21  1.76699919999544e-21  2.01482757540845e-21
  2.29737825953501e-21  2.61950992106695e-21  2.98676006814556e-21
  3.40543972133458e-21  3.88274126115250e-21  4.42686127870307e-21
  5.04714051096614e-21  5.75422323014561e-21  6.56023878402340e-21
  7.47900835686916e-21  8.52628044435376e-21  9.71999901810825e-21
  1.10806089040137e-20  1.26314035221438e-20  1.43989208456359e-20
  1.64133942426125e-20  1.87092657825176e-20  2.13257706313393e-20
  2.43076023459609e-20  2.77056702259741e-20  3.15779614135698e-20
  3.59905221739497e-20  4.10185747679353e-20  4.67477885781515e-20
  5.32757267059881e-20  6.07134921608486e-20  6.91876010624793e-20
  7.88421140251086e-20  8.98410611492729e-20  1.02371200881924e-19
  1.16645158496399e-19  1.32904996177523e-19  1.51426273776388e-19
  1.72522667333975e-19  1.96551221594529e-19  2.23918323081471e-19
  2.55086492056660e-19  2.90582105013836e-19  3.31004174481351e-19
  3.77034330065191e-19  4.29448164123632e-19  4.89128127534114e-19
  5.57078186039017e-19  6.34440476030304e-19  7.22514230801079e-19
  8.22777284748289e-19  9.36910504334378e-19  1.06682554143413e-18
  1.21469635774162e-18  1.38299502900446e-18  1.57453240591318e-18
  1.79250428554989e-18  2.04054383457014e-18  2.32278110408804e-18
  2.64391058806001e-18  3.00926790351382e-18  3.42491681416513e-18
  3.89774798095584e-18  4.43559100628028e-18  5.04734154588297e-18
  5.74310549670114e-18  6.53436253379436e-18  7.43415156886499e-18
  8.45728104116816e-18  9.62056733382453e-18  1.09431050402913e-17
  1.24465732933596e-17  1.41555829195966e-17  1.60980698037317e-17
  1.83057405489713e-17  2.08145773108809e-17  2.36654095755636e-17
  2.69045616602532e-17  3.05845858504456e-17  3.47650923685635e-17
  3.95136888127925e-17  4.49070433318826e-17  5.10320876346966e-17
  5.79873779983516e-17  6.58846347641168e-17  7.48504834285421e-17
  8.50284233843301e-17  9.65810536823648e-17  1.09692588917399e-16
  1.24571702537891e-16  1.41454739599900e-16  1.60609346292239e-16
  1.82338569524508e-16  2.06985486572337e-16  2.34938432304482e-16
  2.66636899973137e-16  3.02578201047012e-16  3.43324980224793e-16
  3.89513693735416e-16  4.41864172451618e-16  5.01190406406636e-16
  5.68412704188956e-16  6.44571399626323e-16  7.30842299391831e-16
  8.28554088950966e-16  9.39207940906925e-16  1.06449959965432e-15
  1.20634424965439e-15  1.36690451206934e-15  1.54862195634718e-15
  1.75425256020646e-15  1.98690660386651e-15  2.25009354298913e-15
  2.54777247030480e-15  2.88440884918454e-15  3.26503828423299e-15
  3.69533818549317e-15  4.18170828497854e-15  4.73136107839822e-15
  5.35242339228057e-15  6.05405041894408e-15  6.84655372055829e-15
  7.74154488035429e-15  8.75209667706768e-15  9.89292387850198e-15
  1.11805859961490e-14  1.26337146167436e-14  1.42732682314442e-14
  1.61228178247595e-14  1.82088668625082e-14  2.05612097430376e-14
  2.32133332438487e-14  2.62028660213179e-14  2.95720818042920e-14
  3.33684625712157e-14  3.76453287231064e-14  4.24625440719790e-14
  4.78873043538530e-14  5.39950189791809e-14  6.08702968348949e-14
  6.86080481882998e-14  7.73147161160230e-14  8.71096523991252e-14
  9.81266545318066e-14  1.10515682361154e-13  1.24444774994754e-13
  1.40102190907151e-13  1.57698796816576e-13  1.77470733721945e-13
  1.99682391754688e-13  2.24629728995497e-13  2.52643973410496e-13
  2.84095751420824e-13  3.19399691509293e-13  3.59019556712873e-13
  4.03473965845783e-13  4.53342770017316e-13  5.09274158473921e-13
  5.71992576007320e-13  6.42307543446307e-13  7.21123482915588e-13
  8.09450660883986e-13  9.08417374770926e-13  1.01928352269479e-12
  1.14345571183192e-12  1.28250407786799e-12  1.43818100767399e-12
  1.61244197835198e-12  1.80746875014768e-12  2.02569517665070e-12
  2.26983592585209e-12  2.54291843775232e-12  2.84831848147587e-12
  3.18979971464704e-12  3.57155769394111e-12  3.99826883513349e-12
  4.47514487779992e-12  5.00799347205641e-12  5.60328557357173e-12
  6.26823041249742e-12  7.01085888541047e-12  7.84011631941011e-12
  8.76596566076171e-12  9.79950226479504e-12  1.09530815926653e-11
  1.22404612750103e-11  1.36769591639634e-11  1.52796291857593e-11
  1.70674570109035e-11  1.90615777925363e-11  2.12855184847257e-11
  2.37654675402381e-11  2.65305751164412e-11  2.96132872790406e-11
  3.30497181035107e-11  3.68800640303576e-11  4.11490653429560e-11
  4.59065202119575e-11  5.12078573940827e-11  5.71147743990756e-11
  6.36959487489081e-11  7.10278308700169e-11  7.91955281839033e-11
  8.82937911182265e-11  9.84281130601576e-11  1.09715957737165e-10
  1.22288129160365e-10  1.36290301122333e-10  1.51884725339682e-10
  1.69252139691963e-10  1.88593900680574e-10  2.10134367246200e-10
  2.34123566483384e-10  2.60840175660022e-10  2.90594859274848e-10
  3.23734004864400e-10  3.60643906793539e-10  4.01755453660573e-10
  4.47549382045045e-10  4.98562167521108e-10  5.55392633039241e-10
  6.18709365282304e-10  6.89259041456487e-10  7.67875782549151e-10
  8.55491664356131e-10  9.53148535126085e-10  1.06201130848426e-09
  1.18338292289931e-09  1.31872118471876e-09  1.46965774111630e-09
  1.63801946258341e-09  1.82585255285494e-09  2.03544974724696e-09
  2.26938101018644e-09  2.53052819897918e-09  2.82212422489218e-09
  3.14779731729340e-09  3.51162107876075e-09  3.91817111641191e-09
  4.37258914361476e-09  4.88065557036891e-09  5.44887174553178e-09
  6.08455317432458e-09  6.79593522504068e-09  7.59229304654690e-09
  8.48407766883971e-09  9.48307053077694e-09  1.06025590010803e-08
  1.18575358264577e-08  1.32649258448092e-08  1.48438437982676e-08
  1.66158875985661e-08  1.86054720507062e-08  2.08402087208928e-08
  2.33513384798997e-08  2.61742241538202e-08  2.93489118079363e-08
  3.29207703707025e-08  3.69412207455713e-08  4.14685670714356e-08
  4.65689447086293e-08  5.23174014853424e-08  5.87991312199096e-08
  6.61108811513942e-08  7.43625580649721e-08  8.36790613505597e-08
  9.42023753690481e-08  1.06093957972958e-07  1.19537467296273e-07
  1.34741875041785e-07  1.51945020977756e-07  1.71417671537030e-07
  1.93468153820815e-07  2.18447646784805e-07  2.46756222332768e-07
  2.78849742783125e-07  3.15247735072225e-07  3.56542380001271e-07
  4.03408772703308e-07  4.56616633786395e-07  5.17043673403803e-07
  5.85690840794085e-07  6.63699720955545e-07  7.52372379099840e-07
  8.53193990857031e-07  9.67858646354399e-07  1.09829876402331e-06
  1.24671861362984e-06  1.41563251073837e-06  1.60790832207333e-06
  1.82681700774365e-06  2.07608901582080e-06  2.35997846376954e-06
  2.68333614669950e-06  3.05169256866529e-06  3.47135232465692e-06
  3.94950135452625e-06  4.49432876376177e-06  5.11516513859789e-06
  5.82263951071345e-06  6.62885741328056e-06  7.54760274746506e-06
  8.59456655301864e-06  9.78760610026347e-06  1.11470382018361e-05
  1.26959710360212e-05  1.44606793601330e-05  1.64710284886971e-05
  1.87609531268587e-05  2.13689977350111e-05  2.43389260239089e-05
  2.77204078237475e-05  3.15697927321621e-05  3.59509807372325e-05
  4.09364013200618e-05  4.66081136310868e-05  5.30590417126626e-05
  6.03943602173447e-05  6.87330475180209e-05  7.82096250610954e-05
  8.89761031468149e-05  1.01204156063329e-04  1.15087550601294e-04
  1.30844855282806e-04  1.48722459133479e-04  1.68997931904002e-04
  1.91983760185943e-04  2.18031496397184e-04  2.47536361090147e-04
  2.80942341323723e-04  3.18747831512415e-04  3.61511866435988e-04
  4.09860998031565e-04  4.64496872858450e-04  5.26204568287675e-04
  5.95861748972801e-04  6.74448709550632e-04  7.63059368563202e-04
  8.62913285213892e-04  9.75368767656649e-04  1.10193714731145e-03
  1.24429828914727e-03  1.40431741265758e-03  1.58406329204530e-03
  1.78582790536978e-03  2.01214759318266e-03  2.26582579257346e-03
  2.54995738371596e-03  2.86795470809180e-03  3.22357526880658e-03
  3.62095114268229e-03  4.06462009305886e-03  4.55955836257819e-03
  5.11121510036495e-03  5.72554834715357e-03  6.40906247615869e-03
  7.16884694562049e-03  8.01261618660846e-03  8.94875039892949e-03
  9.98633698378299e-03  1.11352122911193e-02  1.24060032849425e-02
  1.38101687064114e-02  1.53600391775211e-02  1.70688557202245e-02
  1.89508059599889e-02  2.10210573404079e-02  2.32957864732247e-02
  2.57922037553701e-02  2.85285722275375e-02  3.15242196495888e-02
  3.47995425311694e-02  3.83760010353348e-02  4.22761032440658e-02
  4.65233775893134e-02  5.11423318683899e-02  5.61583974333188e-02
  6.15978570280440e-02  6.74877547333933e-02  7.38557865808009e-02
  8.07301702436268e-02  8.81394927040560e-02  9.61125342409880e-02
  1.04678068109064e-01  1.13864634603528e-01  1.23700289180017e-01
  1.34212324156691e-01  1.45426964130173e-01  1.57369035490597e-01
  1.70061611139111e-01  1.83525631631926e-01  1.97779505236108e-01
  2.12838688953276e-01  2.28715254519246e-01  2.45417442681448e-01
  2.62949210840466e-01  2.81309778950515e-01  3.00493179764174e-01
  3.20487819300004e-01  3.41276055010568e-01  3.62833797818766e-01
  3.85130146689824e-01  4.08127062249852e-01  4.31779088412018e-01
  4.56033129508041e-01  4.80828291684375e-01  5.06095797185853e-01
  5.31758980306918e-01  5.57733374610277e-01  5.83926900083009e-01
  6.10240159768184e-01  6.36566853548479e-01  6.62794316168217e-01
  6.88804183921571e-01  7.14473191761250e-01  7.39674099105590e-01
  7.64276738565129e-01  7.88149177798810e-01  8.11158980434320e-01
  8.33174548215659e-01  8.54066522675030e-01  8.73709222239309e-01
  8.91982087534255e-01  9.08771107049829e-01  9.23970193838867e-01
  9.37482484798089e-01  9.49221534869458e-01  9.59112380755093e-01
  9.67092451593863e-01  9.73112307672420e-01  9.77136192509353e-01
  9.79142388307336e-01  9.79123369702398e-01  9.77085755775295e-01
  9.73050065153652e-01  9.67050283695887e-01  9.59133258368575e-01
  9.49357934571368e-01  9.37794457029413e-01  9.24523156582724e-01
  9.09633446541560e-01  8.93222652929079e-01  8.75394802744645e-01
  8.56259393616938e-01  8.35930166747778e-01  8.14523903198991e-01
  7.92159261238731e-01  7.68955669970559e-01  7.45032291729459e-01
  7.20507063046283e-01  6.95495821235599e-01  6.70111521323582e-01
  6.44463545343253e-01  6.18657104322219e-01  5.92792731462525e-01
  5.66965863044784e-01  5.41266503296187e-01  5.15778967584998e-01
  4.90581698461041e-01  4.65747148284547e-01  4.41341722049415e-01
  4.17425774215865e-01  3.94053653231619e-01  3.71273787935730e-01
  3.49128810187221e-01  3.27655708556532e-01  3.06886008279224e-01
  2.86845973124614e-01  2.67556825237188e-01  2.49034979478577e-01
  2.31292289110458e-01  2.14336299813445e-01  1.98170510457564e-01
  1.82794636965639e-01  1.68204879193107e-01  1.54394187509622e-01
  1.41352528675590e-01  1.29067149222669e-01  1.17522835015550e-01
  1.06702166227783e-01  9.65857662735573e-02  8.71525440486751e-02
  7.83799284169461e-02  7.02440941900098e-02  6.27201789109376e-02
  5.57824897614034e-02  4.94047001217512e-02  4.35600353304735e-02
  3.82214473349779e-02  3.33617780266267e-02  2.89539111271126e-02
  2.49709126189243e-02  2.13861597653743e-02  1.81734588624920e-02
  1.53071519164771e-02  1.27622124993170e-02  1.05143310769683e-02
  8.53999013785145e-03  6.81652947188975e-03  5.32220196817453e-03
  4.03622030363834e-03  2.93879490095203e-03  2.01116352839373e-03
  1.23561290708336e-03  5.95492694827809e-04  7.52221884134999e-05
 -3.39709906461733e-04 -6.62752277156307e-04 -9.06304055042269e-04
 -1.08173375159524e-03 -1.19940372078821e-03 -1.26869976887082e-03
 -1.29806551159683e-03 -1.29504105252230e-03 -1.26630552579138e-03
 -1.21772301598960e-03 -1.15439133559220e-03 -1.08069310926282e-03
 -1.00034859156055e-03 -9.16469620564656e-04 -8.31614101995401e-04
 -7.47840415349224e-04 -6.66761141988846e-04 -5.89595538849611e-04
 -5.17220214350732e-04 -4.50217509488482e-04 -3.88921144695658e-04
 -3.33458760033890e-04 -2.83791051239774e-04 -2.39747284168647e-04
 -2.01057053012232e-04 -1.67378230126435e-04 -1.38321134921450e-04
 -1.13469023165275e-04 -9.23950641600568e-05 -7.46760295132592e-05
 -5.99029624528308e-05 -4.76891298963042e-05 -3.76755806888933e-05
 -2.95346428031061e-05 -2.29716907824195e-05 -1.77255034653555e-05
 -1.35675126898350e-05 -1.03002179411604e-05 -7.75501167460682e-06
 -5.78962700312396e-06 -4.28538559497479e-06 -3.14438982455246e-06
 -2.28677175664725e-06 -1.64808204123871e-06 -1.17687616378923e-06
 -8.32533536194404e-07 -5.83326202249771e-07 -4.04740256499679e-07
 -2.78041387477620e-07 -1.89068903626713e-07 -1.27237274909938e-07
 -8.47216943789667e-08 -5.58032840788639e-08 -3.63500431459548e-08
 -2.34110922453488e-08 -1.49038271373733e-08 -9.37599562816782e-09
 -5.82721065653306e-09 -3.57687930338674e-09 -2.16780706153354e-09
 -1.29681679602501e-09 -7.65495725790273e-10 -4.45732605653353e-10
 -2.55934692675707e-10 -1.44864542472855e-10 -8.08009593847772e-11
 -4.43962418129817e-11 -2.40201330940989e-11 -1.27925406937770e-11
 -6.70352747960178e-12 -3.45498751058130e-12 -1.75073098723923e-12
 -8.71849905572693e-13 -4.26506778809745e-13 -2.04870740359608e-13
 -9.65843609464844e-14 -4.46688455056321e-14 -2.02566161659023e-14
 -9.00287534967252e-15 -3.91949771163511e-15 -1.67067482326303e-15
 -6.96843787500085e-16 -2.84262024572118e-16 -1.13343483494423e-16
 -4.41538337226762e-17 -1.68029554907320e-17 -6.23995007527798e-18
 -2.25991843711016e-18 -7.97725006176173e-19 -2.74342330029205e-19
 -9.19174522585255e-20 -3.00366811121337e-20 -9.55523562512905e-21
 -2.95198371210051e-21 -8.85024302288061e-22 -2.57301634545395e-22
 -7.24844842609013e-23 -1.97707512597152e-23 -5.21709239509715e-24
 -1.33077210529570e-24 -3.27855086736509e-25 -7.79447687996896e-26
 -1.78662240652590e-26 -3.94478413106625e-27 -8.38208346100294e-28
 -1.71238746229520e-28 -3.36004919739099e-29 -6.32621410343597e-30
 -1.14168558970593e-30
 (i6, f12.0, f18.0, f8.3, i6)
   670  60.0000000  0.02500000000000  28.000     2
 (3e22.14)
  2.99785627573432e-06  3.14822239435858e-06  3.30613016966897e-06
  3.47195782587802e-06  3.64610255336471e-06  3.82898145956301e-06
  4.02103256751100e-06  4.22271586444788e-06  4.43451440296655e-06
  4.65693545735428e-06  4.89051173788781e-06  5.13580266598165e-06
  5.39339571324500e-06  5.66390780763819e-06  5.94798681010498e-06
  6.24631306518670e-06  6.55960102936035e-06  6.88860098093645e-06
  7.23410081568946e-06  7.59692793238484e-06  7.97795121286778e-06
  8.37808310127837e-06  8.79828178750244e-06  9.23955349997414e-06
  9.70295491336819e-06  1.01895956768872e-05  1.07006410692408e-05
  1.12373147865656e-05  1.18009018700829e-05  1.23927517802844e-05
  1.30142816252362e-05  1.36669795504474e-05  1.43524082986180e-05
  1.50722089476045e-05  1.58281048356231e-05  1.66219056829805e-05
  1.74555119202680e-05  1.83309192331886e-05  1.92502233350966e-05
  2.02156249782954e-05  2.12294352164681e-05  2.22940809303512e-05
  2.34121106302047e-05  2.45862005486447e-05  2.58191610385279e-05
  2.71139432910149e-05  2.84736463899833e-05  2.99015247193472e-05
  3.14009957413221e-05  3.29756481636031e-05  3.46292505156150e-05
  3.63657601535239e-05  3.81893327160848e-05  4.01043320533876e-05
  4.21153406524157e-05  4.42271705840177e-05  4.64448749976166e-05
  4.87737601905761e-05  5.12193982815868e-05  5.37876405172770e-05
  5.64846312448646e-05  5.93168225828429e-05  6.22909898256261e-05
  6.54142476180104e-05  6.86940669383480e-05  7.21382929304234e-05
  7.57551636268359e-05  7.95533296076321e-05  8.35418746419458e-05
  8.77303373600629e-05  9.21287340093028e-05  9.67475823456389e-05
  1.01597926719486e-04  1.06691364413865e-04  1.12040073298161e-04
  1.17656840862401e-04  1.23555094701610e-04  1.29748934521218e-04
  1.36253165741027e-04  1.43083334775158e-04  1.50255766073570e-04
  1.57787601011010e-04  1.65696838716644e-04  1.74002378939676e-04
  1.82724067053931e-04  1.91882741305011e-04  2.01500282415451e-04
  2.11599665660218e-04  2.22205015540209e-04  2.33341663178671e-04
  2.45036206578645e-04  2.57316573881730e-04  2.70212089778395e-04
  2.83753545224640e-04  2.97973270631514e-04  3.12905212695870e-04
  3.28585015058447e-04  3.45050102971965e-04  3.62339772185255e-04
  3.80495282245924e-04  3.99559954444861e-04  4.19579274629553e-04
  4.40601001129226e-04  4.62675278041972e-04  4.85854754153218e-04
  5.10194707757418e-04  5.35753177683964e-04  5.62591100822008e-04
  5.90772456477334e-04  6.20364417887841e-04  6.51437511258346e-04
  6.84065782680759e-04  7.18326973331793e-04  7.54302703351460e-04
  7.92078664836894e-04  8.31744824389231e-04  8.73395635699185e-04
  9.17130262645101e-04  9.63052813440810e-04  1.01127258635808e-03
  1.06190432760466e-03  1.11506850194629e-03  1.17089157670348e-03
  1.22950631977084e-03  1.29105211235767e-03  1.35567527715174e-03
  1.42352942268739e-03  1.49477580467634e-03  1.56958370516469e-03
  1.64813083035628e-03  1.73060372803400e-03  1.81719822552125e-03
  1.90811988919351e-03  2.00358450657606e-03  2.10381859214618e-03
  2.20905991796249e-03  2.31955807036211e-03  2.43557503395406e-03
  2.55738580426137e-03  2.68527903037659e-03  2.81955768910290e-03
  2.96053979207321e-03  3.10855912748515e-03  3.26396603805461e-03
  3.42712823701408e-03  3.59843166390370e-03  3.77828138213663e-03
  3.96710252029640e-03  4.16534125929220e-03  4.37346586754698e-03
  4.59196778654320e-03  4.82136276908919e-03  5.06219207288646e-03
  5.31502371193872e-03  5.58045376867270e-03  5.85910776953095e-03
  6.15164212715455e-03  6.45874565223286e-03  6.78114113836243e-03
  7.11958702332576e-03  7.47487913043807e-03  7.84785249365659e-03
  8.23938327049743e-03  8.65039074671626e-03  9.08183943724810e-03
  9.53474128769026e-03  1.00101579811966e-02  1.05092033555551e-02
  1.10330459356437e-02  1.15829115865452e-02  1.21600862929762e-02
  1.27659190707265e-02  1.34018250163703e-02  1.40692885013171e-02
  1.47698665171494e-02  1.55051921787899e-02  1.62769783929902e-02
  1.70870216994185e-02  1.79372062922944e-02  1.88295082306064e-02
  1.97659998455269e-02  2.07488543536487e-02  2.17803506855605e-02
  2.28628785388754e-02  2.39989436662576e-02  2.51911734082089e-02
  2.64423224819228e-02  2.77552790370450e-02  2.91330709902326e-02
  3.05788726504452e-02  3.20960116477840e-02  3.36879761785834e-02
  3.53584225808730e-02  3.71111832534897e-02  3.89502749344384e-02
  4.08799073525935e-02  4.29044922693296e-02  4.50286529256865e-02
  4.72572339122949e-02  4.95953114791704e-02  5.20482043037808e-02
  5.46214847353826e-02  5.73209905358193e-02  6.01528371352626e-02
  6.31234304251309e-02  6.62394801075055e-02  6.95080136243897e-02
  7.29363906881252e-02  7.65323184367385e-02  8.03038672374165e-02
  8.42594871631779e-02  8.84080251666659e-02  9.27587429783827e-02
  9.73213357532225e-02  1.02105951495216e-01  1.07123211284777e-01
  1.12384230339215e-01  1.17900639933135e-01  1.23684610209023e-01
  1.29748873906618e-01  1.36106751042307e-01  1.42772174566924e-01
  1.49759717035435e-01  1.57084618316041e-01  1.64762814373249e-01
  1.72810967153287e-01  1.81246495605261e-01  1.90087607867196e-01
  1.99353334650800e-01  2.09063563851037e-01  2.19239076417290e-01
  2.29901583507654e-01  2.41073764963331e-01  2.52779309124214e-01
  2.65042954017098e-01  2.77890529939041e-01  2.91349003461786e-01
  3.05446522876413e-01  3.20212465102382e-01  3.35677484071643e-01
  3.51873560612140e-01  3.68834053830001e-01  3.86593754011278e-01
  4.05188937036322e-01  4.24657420314527e-01  4.45038620229525e-01
  4.66373611088331e-01  4.88705185553303e-01  5.12077916542173e-01
  5.36538220554436e-01  5.62134422404123e-01  5.88916821291205e-01
  6.16937758179539e-01  6.46251684396571e-01  6.76915231393031e-01
  7.08987281566184e-01  7.42529040053069e-01  7.77604107370687e-01
  8.14278552788354e-01  8.52620988265752e-01  8.92702642825947e-01
  9.34597437143783e-01  9.78382058190726e-01  1.02413603367975e+00
  1.07194180609199e+00  1.12188480600196e+00  1.17405352442044e+00
  1.22853958381893e+00  1.28543780751196e+00  1.34484628697908e+00
  1.40686644677064e+00  1.47160310648134e+00  1.53916453938304e+00
  1.60966252713401e+00  1.68321241005087e+00  1.75993313231173e+00
  1.83994728147228e+00  1.92338112156856e+00  2.01036461912160e+00
  2.10103146118195e+00  2.19551906467522e+00  2.29396857603738e+00
  2.39652486031705e+00  2.50333647863285e+00  2.61455565301741e+00
  2.73033821743556e+00  2.85084355392464e+00  2.97623451243975e+00
  3.10667731331668e+00  3.24234143077636e+00  3.38339945622751e+00
  3.53002693974118e+00  3.68240220829374e+00  3.84070615898538e+00
  4.00512202584425e+00  4.17583511818958e+00  4.35303252910335e+00
  4.53690281196101e+00  4.72763562335734e+00  4.92542133039001e+00
  5.13045058063051e+00  5.34291383250692e+00  5.56300084468971e+00
  5.79090012193976e+00  6.02679831614823e+00  6.27087958017909e+00
  6.52332487306108e+00  6.78431121454469e+00  7.05401088755753e+00
  7.33259058673838e+00  7.62021051201426e+00  7.91702340541909e+00
  8.22317353078559e+00  8.53879559461260e+00  8.86401360836297e+00
  9.19893969111874e+00  9.54367281323617e+00  9.89829748073363e+00
  1.02628823620790e+01  1.06374788573505e+01  1.10221196132230e+01
  1.14168169841174e+01  1.18215614443586e+01  1.22363199533410e+01
  1.26610342791113e+01  1.30956192847318e+01  1.35399611839225e+01
  1.39939157720240e+01  1.44573066411868e+01  1.49299233869173e+01
  1.54115198179779e+01  1.59018121780529e+01  1.64004773938089e+01
  1.69071513605885e+01  1.74214272819104e+01  1.79428540771374e+01
  1.84709348765297e+01  1.90051256190705e+01  1.95448337771871e+01
  2.00894172243228e+01  2.06381832729531e+01  2.11903879023644e+01
  2.17452352042501e+01  2.23018770692565e+01  2.28594131449136e+01
  2.34168910874794e+01  2.39733071433555e+01  2.45276070804651e+01
  2.50786875073244e+01  2.56253976020048e+01  2.61665412848550e+01
  2.67008798603391e+01  2.72271351575787e+01  2.77439931930438e+01
  2.82501083832953e+01  2.87441083245430e+01  2.92245991651743e+01
  2.96901715772378e+01  3.01394073513095e+01  3.05708866072521e+01
  3.09831956371125e+01  3.13749353643325e+01  3.17447304171472e+01
  3.20912387928257e+01  3.24131620912737e+01  3.27092562787623e+01
  3.29783429446813e+01  3.32193209893339e+01  3.34311786898133e+01
  3.36130060552611e+01  3.37640074028200e+01  3.38835140373377e+01
  3.39709969441602e+01  3.40260793590336e+01  3.40485490932767e+01
  3.40383704618846e+01  3.39956956697954e+01  3.39208754786394e+01
  3.38144689976377e+01  3.36772523984455e+01  3.35102263847789e+01
  3.33146222111220e+01  3.30919060665201e+01  3.28437816219800e+01
  3.25721905599811e+01  3.22793108876367e+01  3.19675528756977e+01
  3.16395524363906e+01  3.12981618184054e+01  3.09464374662051e+01
  3.05876249593933e+01  3.02251409410964e+01  2.98625520026981e+01
  2.95035505005967e+01  2.91519273558442e+01  2.88115418815587e+01
  2.84862887876502e+01  2.81800625000287e+01  2.78967190351274e+01
  2.76400356839985e+01  2.74136688373358e+01  2.72211103223237e+01
  2.70656426819586e+01  2.69502938757408e+01  2.68777919229777e+01
  2.68505200655892e+01  2.68704730537361e+01  2.69392151982340e+01
  2.70578408576313e+01  2.72269380447919e+01  2.74465558473982e+01
  2.77161763549006e+01  2.80346917747773e+01  2.84003873889579e+01
  2.88109309803095e+01  2.92633692885804e+01  2.97541320179984e+01
  3.02790438201212e+01  3.08333446075517e+01  3.14117184382703e+01
  3.20083311136304e+01  3.26168764925838e+01  3.32306314180092e+01
  3.38425189824224e+01  3.44451797434404e+01  3.50310503306186e+01
  3.55924487453202e+01  3.61216655022723e+01  3.66110596205499e+01
  3.70531583238216e+01  3.74407591937007e+01  3.77670333878897e+01
  3.80256284451674e+01  3.82107691072529e+01  3.83173545265606e+01
  3.83410501887269e+01  3.82783728639512e+01  3.81267669097257e+01
  3.78846703010608e+01  3.75515688186347e+01  3.71280369615152e+01
  3.66157642484974e+01  3.60175657931730e+01  3.53373761973654e+01
  3.45802260817160e+01  3.37522008129109e+01  3.28603813055684e+01
  3.19127670713027e+01  3.09181820566039e+01  2.98861641326133e+01
  2.88268394926043e+01  2.77507835486688e+01  2.66688702901361e+01
  2.55921123916149e+01  2.45314946706791e+01  2.34978037583402e+01
  2.25014570707942e+01  2.15523343208595e+01  2.06596149000265e+01
  1.98316244781789e+01  1.90756940750646e+01  1.83980347296692e+01
  1.78036306080343e+01  1.72961530956734e+01  1.68778979879100e+01
  1.65497474345822e+01  1.63111577658396e+01  1.61601737629975e+01
  1.60934693528815e+01  1.61064141091455e+01  1.61931643524074e+01
  1.63467770701294e+01  1.65593443330678e+01  1.68221453882869e+01
  1.71258131662672e+01  1.74605115699636e+01  1.78161196297607e+01
  1.81824184225441e+01  1.85492765780064e+01  1.89068302377757e+01
  1.92456534944797e+01  1.95569156210087e+01  1.98325217892002e+01
  2.00652344704871e+01  2.02487732781441e+01  2.03778916439374e+01
  2.04484293853765e+01  2.04573408974635e+01  2.04026993647313e+01
  2.02836780127524e+01  2.01005099839541e+01  1.98544289099401e+01
  1.95475926502439e+01  1.91829929657410e+01  1.87643540894205e+01
  1.82960232499171e+01  1.77828561948044e+01  1.72301006651279e+01
  1.66432805965650e+01  1.60280835786320e+01  1.53902538122208e+01
  1.47354924719619e+01  1.40693670289128e+01  1.33972307253615e+01
  1.27241530357423e+01  1.20548616021960e+01  1.13936958131271e+01
  1.07445718974088e+01  1.01109591542838e+01  9.49586671409220e+00
  8.90184004761284e+00  8.33096629903439e+00  7.78488741524724e+00
  7.26481997746033e+00  6.77158060926901e+00  6.30561583286663e+00
  5.86703527114105e+00  5.45564714154745e+00  5.07099505680320e+00
  4.71239523082335e+00  4.37897328498223e+00  4.06969995361055e+00
  3.78342509718721e+00  3.51890954194897e+00  3.27485437462182e+00
  3.04992742479788e+00  2.84278676941670e+00  2.65210118059333e+00
  2.47656752308534e+00  2.31492517571688e+00  2.16596761074997e+00
  2.02855131341673e+00  1.90160225856288e+00  1.78412018731704e+00
  1.67518094118028e+00  1.57393711615931e+00  1.47961729776097e+00
  1.39152412761261e+00  1.30903143844924e+00  1.23158067485559e+00
  1.15867679578679e+00  1.08988383124020e+00  1.02482024161102e+00
  9.63154204197127e-01  9.04598928736305e-01  8.48908082387074e-01
  7.95871385416489e-01  7.45310421814444e-01  6.97074694511165e-01
  6.51037942735283e-01  6.07094729374529e-01  5.65157298645463e-01
  5.25152698987565e-01  4.87020162332785e-01  4.50708728767020e-01
  4.16175104536724e-01  3.83381741329431e-01  3.52295125265877e-01
  3.22884265018886e-01  2.95119369624089e-01  2.68970707640583e-01
  2.44407640315739e-01  2.21397822076423e-01  1.99906562164098e-01
  1.79896341102171e-01  1.61326475494234e-01  1.44152923807619e-01
  1.28328225015509e-01  1.13801560594733e-01  1.00518929240780e-01
  8.84234221857577e-02  7.74555857998473e-02  6.75538569669358e-02
  5.86550558689516e-02  5.06949201887607e-02  4.36086645458227e-02
  3.73315491330675e-02  3.17994421389696e-02  2.69493615266029e-02
  2.27199831485676e-02  1.90521038866350e-02  1.58890505174121e-02
  1.31770271838374e-02  1.08653966637478e-02  8.90689293597560e-03
  7.25776479517334e-03  5.87785235919187e-03  4.73060017577398e-03
  3.78301221930642e-03  3.00555532061189e-03  2.37201847384851e-03
  1.85933601153141e-03  1.44738283599289e-03  1.11874977700051e-03
  8.58506745635000e-04  6.53960726052048e-04  4.94414841718701e-04
  3.70933811387585e-04  2.76120123591068e-04  2.03904264469323e-04
  1.49351368228579e-04  1.08485772849831e-04  7.81341615347377e-05
  5.57873007234072e-05  3.94798242423771e-05  2.76870864418756e-05
  1.92378078186841e-05  1.32410218627948e-05  9.02575399491246e-06
  6.09181974332395e-06  4.07018907453554e-06  2.69144424510822e-06
  1.76098429567553e-06  1.13977093728567e-06  7.29559924684673e-07
  4.61712351317716e-07  2.88822753234407e-07  1.78533370895616e-07
  1.09021063155230e-07  6.57469776522455e-08  3.91455826742754e-08
  2.30035713436966e-08  1.33374344097201e-08  7.62729567521199e-09
  4.30070534272425e-09  2.39018081581106e-09  1.30881985264725e-09
  7.05891263045349e-10  3.74818462753917e-10  1.95874594305524e-10
  1.00696882706804e-10  5.09049474178699e-11  2.52951390713926e-11
  1.23498178871260e-11  5.92156771169956e-12  2.78719246665189e-12
  1.28720537746760e-12  5.83002934873216e-13  2.58834343951419e-13
  1.12585522043666e-13  4.79542642315218e-14  1.99906277154092e-14
  8.15169380831637e-15  3.24966140732801e-15  1.26582248287053e-15
  4.81640984191525e-16  1.78866197589421e-16  6.47895173369342e-17
  2.28762066337559e-17  7.86854365615961e-18  2.63486385714465e-18
  8.58440140771829e-19  2.71789789798102e-19  8.36089084017276e-20
  2.49674327503952e-20  7.23227545367393e-21  2.03060661853999e-21
  5.52189949023430e-22  1.45317208046313e-22  3.69791699024992e-23
  9.09172136760589e-24  2.15780703522903e-24  4.93942656815599e-25
  1.08955431043382e-25  2.31383045174779e-26  4.72625435610194e-27
  9.27659786475246e-28  1.74791383397155e-28  3.15845541383737e-29
  5.46772635410709e-30
 -8.57961410730825e-25 -9.78774145251496e-25 -1.11659446430171e-24
 -1.27381588481644e-24 -1.45316864824581e-24 -1.65776707039132e-24
 -1.89116354603273e-24 -2.15741014304149e-24 -2.46112885186507e-24
 -2.80759170580765e-24 -3.20281215816802e-24 -3.65364929662254e-24
 -4.16792669705881e-24 -4.75456797177350e-24 -5.42375135518302e-24
 -6.18708599874111e-24 -7.05781302135885e-24 -8.05103478868375e-24
 -9.18397638142146e-24 -1.04762837679587e-23 -1.19503638291382e-23
 -1.36317721044428e-23 -1.55496549508544e-23 -1.77372537429875e-23
 -2.02324798113057e-23 -2.30785700329193e-23 -2.63248343774558e-23
 -3.00275082923391e-23 -3.42507246149929e-23 -3.90676217543407e-23
 -4.45616072261381e-23 -5.08277982956986e-23 -5.79746645237245e-23
 -6.61259004769453e-23 -7.54225608162871e-23 -8.60254944760526e-23
 -9.81181197776025e-23 -1.11909588165465e-22 -1.27638390913617e-22
 -1.45576470737273e-22 -1.66033908891216e-22 -1.89364268184369e-22
 -2.15970683562219e-22 -2.46312804691241e-22 -2.80914709542183e-22
 -3.20373924557216e-22 -3.65371705881731e-22 -4.16684757663573e-22
 -4.75198587937961e-22 -5.41922730534113e-22 -6.18008093240477e-22
 -7.04766728675041e-22 -8.03694365548090e-22 -9.16496084962918e-22
 -1.04511557987275e-21 -1.19176849669476e-21 -1.35898042740625e-21
 -1.54963019936239e-21 -1.76699919993534e-21 -2.01482757533991e-21
 -2.29737825945687e-21 -2.61950992097786e-21 -2.98676006804397e-21
 -3.40543972121875e-21 -3.88274126102043e-21 -4.42686127855250e-21
 -5.04714051079447e-21 -5.75422322994988e-21 -6.56023878380026e-21
 -7.47900835661475e-21 -8.52628044406373e-21 -9.71999901777761e-21
 -1.10806089036368e-20 -1.26314035217142e-20 -1.43989208451461e-20
 -1.64133942420542e-20 -1.87092657818811e-20 -2.13257706306139e-20
 -2.43076023451339e-20 -2.77056702250316e-20 -3.15779614124954e-20
 -3.59905221727253e-20 -4.10185747665399e-20 -4.67477885765611e-20
 -5.32757267041756e-20 -6.07134921587831e-20 -6.91876010601256e-20
 -7.88421140224264e-20 -8.98410611462167e-20 -1.02371200878441e-19
 -1.16645158492431e-19 -1.32904996173002e-19 -1.51426273771237e-19
 -1.72522667328106e-19 -1.96551221587843e-19 -2.23918323073855e-19
 -2.55086492047984e-19 -2.90582105003953e-19 -3.31004174470092e-19
 -3.77034330052366e-19 -4.29448164109024e-19 -4.89128127517473e-19
 -5.57078186020065e-19 -6.34440476008720e-19 -7.22514230776500e-19
 -8.22777284720295e-19 -9.36910504302503e-19 -1.06682554139783e-18
 -1.21469635770029e-18 -1.38299502895741e-18 -1.57453240585961e-18
 -1.79250428548891e-18 -2.04054383450072e-18 -2.32278110400901e-18
 -2.64391058797006e-18 -3.00926790341143e-18 -3.42491681404860e-18
 -3.89774798082323e-18 -4.43559100612935e-18 -5.04734154571123e-18
 -5.74310549650572e-18 -6.53436253357201e-18 -7.43415156861204e-18
 -8.45728104088038e-18 -9.62056733349719e-18 -1.09431050399189e-17
 -1.24465732929361e-17 -1.41555829191149e-17 -1.60980698031839e-17
 -1.83057405483484e-17 -2.08145773101726e-17 -2.36654095747583e-17
 -2.69045616593376e-17 -3.05845858494049e-17 -3.47650923673805e-17
 -3.95136888114478e-17 -4.49070433303544e-17 -5.10320876329599e-17
 -5.79873779963783e-17 -6.58846347618745e-17 -7.48504834259947e-17
 -8.50284233814362e-17 -9.65810536790778e-17 -1.09692588913665e-16
 -1.24571702533651e-16 -1.41454739595086e-16 -1.60609346286772e-16
 -1.82338569518302e-16 -2.06985486565291e-16 -2.34938432296485e-16
 -2.66636899964060e-16 -3.02578201036712e-16 -3.43324980213107e-16
 -3.89513693722158e-16 -4.41864172436578e-16 -5.01190406389577e-16
 -5.68412704169609e-16 -6.44571399604385e-16 -7.30842299366956e-16
 -8.28554088922768e-16 -9.39207940874963e-16 -1.06449959961809e-15
 -1.20634424961333e-15 -1.36690451202282e-15 -1.54862195629447e-15
 -1.75425256014675e-15 -1.98690660379888e-15 -2.25009354291255e-15
 -2.54777247021809e-15 -2.88440884908638e-15 -3.26503828412186e-15
 -3.69533818536740e-15 -4.18170828483621e-15 -4.73136107823715e-15
 -5.35242339209839e-15 -6.05405041873801e-15 -6.84655372032525e-15
 -7.74154488009077e-15 -8.75209667676969e-15 -9.89292387816514e-15
 -1.11805859957683e-14 -1.26337146163135e-14 -1.42732682309581e-14
 -1.61228178242107e-14 -1.82088668618882e-14 -2.05612097423377e-14
 -2.32133332430583e-14 -2.62028660204263e-14 -2.95720818032852e-14
 -3.33684625700800e-14 -3.76453287218238e-14 -4.24625440705343e-14
 -4.78873043522198e-14 -5.39950189773666e-14 -6.08702968329268e-14
 -6.86080481859993e-14 -7.73147161135787e-14 -8.71096523962412e-14
 -9.81266545286679e-14 -1.10515682357711e-13 -1.24444774990763e-13
 -1.40102190902915e-13 -1.57698796810954e-13 -1.77470733716545e-13
 -1.99682391747505e-13 -2.24629728988282e-13 -2.52643973401980e-13
 -2.84095751410989e-13 -3.19399691498026e-13 -3.59019556700256e-13
 -4.03473965831615e-13 -4.53342770001235e-13 -5.09274158456339e-13
 -5.71992575986805e-13 -6.42307543423727e-13 -7.21123482889996e-13
 -8.09450660854869e-13 -9.08417374738018e-13 -1.01928352265761e-12
 -1.14345571178994e-12 -1.28250407782097e-12 -1.43818100762104e-12
 -1.61244197829242e-12 -1.80746875008085e-12 -2.02569517657554e-12
 -2.26983592576800e-12 -2.54291843765722e-12 -2.84831848137006e-12
 -3.18979971452741e-12 -3.57155769380772e-12 -3.99826883498376e-12
 -4.47514487763175e-12 -5.00799347186765e-12 -5.60328557336067e-12
 -6.26823041226015e-12 -7.01085888514807e-12 -7.84011631911324e-12
 -8.76596566043324e-12 -9.79950226442485e-12 -1.09530815922526e-11
 -1.22404612745445e-11 -1.36769591634140e-11 -1.52796291851901e-11
 -1.70674570102016e-11 -1.90615777918177e-11 -2.12855184838756e-11
 -2.37654675392929e-11 -2.65305751153646e-11 -2.96132872778917e-11
 -3.30497181020964e-11 -3.68800640289404e-11 -4.11490653411165e-11
 -4.59065202101016e-11 -5.12078573918207e-11 -5.71147743966273e-11
 -6.36959487460856e-11 -7.10278308668031e-11 -7.91955281802368e-11
 -8.82937911141187e-11 -9.84281130554031e-11 -1.09715957731801e-10
 -1.22288129154290e-10 -1.36290301115315e-10 -1.51884725331945e-10
 -1.69252139683080e-10 -1.88593900670616e-10 -2.10134367234872e-10
 -2.34123566470674e-10 -2.60840175645289e-10 -2.90594859258702e-10
 -3.23734004845246e-10 -3.60643906772558e-10 -4.01755453636344e-10
 -4.47549382017951e-10 -4.98562167490810e-10 -5.55392633005334e-10
 -6.18709365243224e-10 -6.89259041414217e-10 -7.67875782499560e-10
 -8.55491664300712e-10 -9.53148535063768e-10 -1.06201130841424e-09
 -1.18338292282035e-09 -1.31872118462891e-09 -1.46965774101330e-09
 -1.63801946246835e-09 -1.82585255272397e-09 -2.03544974710474e-09
 -2.26938101003836e-09 -2.53052819879413e-09 -2.82212422469472e-09
 -3.14779731706042e-09 -3.51162107848875e-09 -3.91817111611366e-09
 -4.37258914327111e-09 -4.88065556998649e-09 -5.44887174496636e-09
 -6.08455317384626e-09 -6.79593522432997e-09 -7.59229304581704e-09
 -8.48407766812379e-09 -9.48307052963997e-09 -1.06025590000548e-08
 -1.18575358251952e-08 -1.32649258435937e-08 -1.48438437969423e-08
 -1.66158875970415e-08 -1.86054720487486e-08 -2.08402087189539e-08
 -2.33513384778877e-08 -2.61742241515491e-08 -2.93489118054456e-08
 -3.29207703693346e-08 -3.69412207425254e-08 -4.14685670701364e-08
 -4.65689447052956e-08 -5.23174014811693e-08 -5.87991312164124e-08
 -6.61108811483730e-08 -7.43625580613334e-08 -8.36790613434133e-08
 -9.42023753667189e-08 -1.06093957963666e-07 -1.19537467293764e-07
 -1.34741875033964e-07 -1.51945020968583e-07 -1.71417671516273e-07
 -1.93468153815970e-07 -2.18447646755141e-07 -2.46756222321804e-07
 -2.78849742745462e-07 -3.15247735043356e-07 -3.56542379946973e-07
 -4.03408772662673e-07 -4.56616633705762e-07 -5.17043673360260e-07
 -5.85690840700319e-07 -6.63699720878359e-07 -7.52372378996174e-07
 -8.53193990749961e-07 -9.67858646226560e-07 -1.09829876389356e-06
 -1.24671861351521e-06 -1.41563251044322e-06 -1.60790832198701e-06
 -1.82681700741315e-06 -2.07608901582894e-06 -2.35997846344468e-06
 -2.68333614661958e-06 -3.05169256845817e-06 -3.47135232462990e-06
 -3.94950135469251e-06 -4.49432876378663e-06 -5.11516513827288e-06
 -5.82263951092493e-06 -6.62885741283837e-06 -7.54760274811972e-06
 -8.59456655283895e-06 -9.78760610050869e-06 -1.11470382010253e-05
 -1.26959710363450e-05 -1.44606793592987e-05 -1.64710284895732e-05
 -1.87609531265954e-05 -2.13689977349185e-05 -2.43389260230283e-05
 -2.77204078230559e-05 -3.15697927289101e-05 -3.59509807359736e-05
 -4.09364013173962e-05 -4.66081136278893e-05 -5.30590417115732e-05
 -6.03943602081966e-05 -6.87330475197198e-05 -7.82096250473631e-05
 -8.89761031481704e-05 -1.01204156053875e-04 -1.15087550594811e-04
 -1.30844855280928e-04 -1.48722459134287e-04 -1.68997931900440e-04
 -1.91983760195517e-04 -2.18031496394651e-04 -2.47536361116030e-04
 -2.80942341303982e-04 -3.18747831540850e-04 -3.61511866445879e-04
 -4.09860998060664e-04 -4.64496872918942e-04 -5.26204568295578e-04
 -5.95861749024924e-04 -6.74448709581251e-04 -7.63059368660543e-04
 -8.62913285326119e-04 -9.75368767793462e-04 -1.10193714745417e-03
 -1.24429828925399e-03 -1.40431741280276e-03 -1.58406329230201e-03
 -1.78582790539962e-03 -2.01214759350983e-03 -2.26582579242371e-03
 -2.54995738394445e-03 -2.86795470803290e-03 -3.22357526885977e-03
 -3.62095114274060e-03 -4.06462009302534e-03 -4.55955836291262e-03
 -5.11121510016810e-03 -5.72554834773488e-03 -6.40906247598447e-03
 -7.16884694596890e-03 -8.01261618659004e-03 -8.94875039854691e-03
 -9.98633698354295e-03 -1.11352122906426e-02 -1.24060032846593e-02
 -1.38101687066833e-02 -1.53600391770232e-02 -1.70688557204117e-02
 -1.89508059593003e-02 -2.10210573392980e-02 -2.32957864723507e-02
 -2.57922037531298e-02 -2.85285722281405e-02 -3.15242196452014e-02
 -3.47995425294076e-02 -3.83760010312874e-02 -4.22761032399449e-02
 -4.65233775861310e-02 -5.11423318627023e-02 -5.61583974251350e-02
 -6.15978570208324e-02 -6.74877547244455e-02 -7.38557865693228e-02
 -8.07301702318794e-02 -8.81394926909663e-02 -9.61125342271532e-02
 -1.04678068095334e-01 -1.13864634584499e-01 -1.23700289159020e-01
 -1.34212324139078e-01 -1.45426964110356e-01 -1.57369035476735e-01
 -1.70061611110534e-01 -1.83525631614135e-01 -1.97779505206184e-01
 -2.12838688929911e-01 -2.28715254493329e-01 -2.45417442656118e-01
 -2.62949210800330e-01 -2.81309778924252e-01 -3.00493179721522e-01
 -3.20487819275109e-01 -3.41276054972041e-01 -3.62833797787680e-01
 -3.85130146652459e-01 -4.08127062216176e-01 -4.31779088374558e-01
 -4.56033129475236e-01 -4.80828291657885e-01 -5.06095797151401e-01
 -5.31758980283497e-01 -5.57733374577335e-01 -5.83926900056851e-01
 -6.10240159738987e-01 -6.36566853518022e-01 -6.62794316141306e-01
 -6.88804183892172e-01 -7.14473191736006e-01 -7.39674099079689e-01
 -7.64276738541805e-01 -7.88149177776800e-01 -8.11158980413978e-01
 -8.33174548197438e-01 -8.54066522658577e-01 -8.73709222225179e-01
 -8.91982087522486e-01 -9.08771107040457e-01 -9.23970193832145e-01
 -9.37482484794111e-01 -9.49221534868224e-01 -9.59112380756963e-01
 -9.67092451598580e-01 -9.73112307680432e-01 -9.77136192520383e-01
 -9.79142388321734e-01 -9.79123369719925e-01 -9.77085755796257e-01
 -9.73050065177720e-01 -9.67050283723445e-01 -9.59133258399143e-01
 -9.49357934605358e-01 -9.37794457066345e-01 -9.24523156622879e-01
 -9.09633446584527e-01 -8.93222652975078e-01 -8.75394802793176e-01
 -8.56259393668321e-01 -8.35930166801365e-01 -8.14523903255145e-01
 -7.92159261296819e-01 -7.68955670030806e-01 -7.45032291790553e-01
 -7.20507063105746e-01 -6.95495821309918e-01 -6.70111521442373e-01
 -6.44463545415882e-01 -6.18657104444532e-01 -5.92792731542269e-01
 -5.66965863141671e-01 -5.41266503390750e-01 -5.15778967668214e-01
 -4.90581698553078e-01 -4.65747148364842e-01 -4.41341722132633e-01
 -4.17425774294408e-01 -3.94053653306925e-01 -3.71273788009550e-01
 -3.49128810256530e-01 -3.27655708623924e-01 -3.06886008342814e-01
 -2.86845973185283e-01 -2.67556825300736e-01 -2.49034979560834e-01
 -2.31292289154289e-01 -2.14336299887812e-01 -1.98170510496830e-01
 -1.82794637016194e-01 -1.68204879236623e-01 -1.54394187542556e-01
 -1.41352528712116e-01 -1.29067149247531e-01 -1.17522835040375e-01
 -1.06702166246684e-01 -9.65857662877965e-02 -8.71525440601232e-02
 -7.83799284229436e-02 -7.02440941931520e-02 -6.27201789097424e-02
 -5.57824897566540e-02 -4.94047001135854e-02 -4.35600353186592e-02
 -3.82214473200434e-02 -3.33617780084161e-02 -2.89539111058549e-02
 -2.49709125947968e-02 -2.13861597383688e-02 -1.81734588328896e-02
 -1.53071518842826e-02 -1.27622124647318e-02 -1.05143310400881e-02
 -8.53999009880607e-03 -6.81652943080582e-03 -5.32220192517555e-03
 -4.03622025883438e-03 -2.93879485447397e-03 -2.01116348259227e-03
 -1.23561285959065e-03 -5.95492651313034e-04 -7.52221501557279e-05
  3.39709939999225e-04  6.62752306462816e-04  9.06304080573628e-04
  1.08173377376144e-03  1.19940373997226e-03  1.26869978541242e-03
  1.29806552581264e-03  1.29504106469187e-03  1.26630553617210e-03
  1.21772302480714e-03  1.15439134305640e-03  1.08069311554969e-03
  1.00034859683971e-03  9.16469624973466e-04  8.31614105662872e-04
  7.47840418385035e-04  6.66761144491124e-04  5.89595540901221e-04
  5.17220216025258e-04  4.50217510847688e-04  3.88921145793737e-04
  3.33458760915751e-04  2.83791051944650e-04  2.39747284728444e-04
  2.01057053454665e-04  1.67378230473766e-04  1.38321135192716e-04
  1.13469023375669e-04  9.23950643223634e-05  7.46760296375374e-05
  5.99029625474897e-05  4.76891299678169e-05  3.76755807426316e-05
  2.95346428431461e-05  2.29716908120805e-05  1.77255034871367e-05
  1.35675127057337e-05  1.03002179526552e-05  7.75501168286957e-06
  5.78962700900188e-06  4.28538559913117e-06  3.14438982746009e-06
  2.28677175866776e-06  1.64808204262740e-06  1.17687616473689e-06
  8.32533536833400e-07  5.83326202677753e-07  4.04740256782489e-07
  2.78041387663263e-07  1.89068903746859e-07  1.27237274987102e-07
  8.47216944278165e-08  5.58032841095333e-08  3.63500431649043e-08
  2.34110922569706e-08  1.49038271443645e-08  9.37599563235367e-09
  5.82721065897224e-09  3.57687930481595e-09  2.16780706233070e-09
  1.29681679648682e-09  7.65495726026429e-10  4.45732605795385e-10
  2.55934692735407e-10  1.44864542513080e-10  8.08009593963410e-11
  4.43962418188999e-11  2.40201330939106e-11  1.27925406934928e-11
  6.70352747961286e-12  3.45498751055909e-12  1.75073098719453e-12
  8.71849905536155e-13  4.26506778783801e-13  2.04870740343635e-13
  9.65843609371069e-14  4.46688455005018e-14  2.02566161631715e-14
  9.00287534829539e-15  3.91949771095327e-15  1.67067482294053e-15
  6.96843787350452e-16  2.84262024505195e-16  1.13343483465238e-16
  4.41538337103070e-17  1.68029554856447e-17  6.23995007324113e-18
  2.25991843631720e-18  7.97725005876133e-19  2.74342329919020e-19
  9.19174522191206e-20  3.00366810984163e-20  9.55523562048167e-21
  2.95198371057468e-21  8.85024301802840e-22  2.57301634396026e-22
  7.24844842164181e-23  1.97707512469076e-23  5.21709239153444e-24
  1.33077210433891e-24  3.27855086488626e-25  7.79447687377839e-26
  1.78662240503684e-26  3.94478412761941e-27  8.38208345333146e-28
  1.71238746065503e-28  3.36004919402554e-29  6.32621409681503e-30
  1.14168558845829e-30
 (i6, f12.0, f18.0, f8.3, i6)
   595  60.0000000  0.02500000000000   8.000     1
 (3e22.14)
  1.81689323376113e-06  1.90986797401870e-06  2.00760001353925e-06
  2.11033273801727e-06  2.21832198221920e-06  2.33183666654146e-06
  2.45115946610145e-06  2.57658751402304e-06  2.70843314066271e-06
  2.84702465061148e-06  2.99270713940200e-06  3.14584335194697e-06
  3.30681458484104e-06  3.47602163476330e-06  3.65388579533679e-06
  3.84084990491390e-06  4.03737944789356e-06  4.24396371229399e-06
  4.46111700646068e-06  4.68937993791980e-06  4.92932075755331e-06
  5.18153677242546e-06  5.44665583076538e-06  5.72533788278397e-06
  6.01827662119780e-06  6.32620120551838e-06  6.64987807438948e-06
  6.99011285044920e-06  7.34775234244881e-06  7.72368664957500e-06
  8.11885137319488e-06  8.53422994149413e-06  8.97085605276701e-06
  9.42981624339981e-06  9.91225258691095e-06  1.04193655307133e-05
  1.09524168776308e-05  1.15127329195280e-05  1.21017077308142e-05
  1.27208066299547e-05  1.33715698175534e-05  1.40556161999862e-05
  1.47746474080502e-05  1.55304520205288e-05  1.63249100031363e-05
  1.71599973737675e-05  1.80377911055980e-05  1.89604742801138e-05
  1.99303415027977e-05  2.09498045948200e-05  2.20213985747827e-05
  2.31477879452440e-05  2.43317732995446e-05  2.55762982651807e-05
  2.68844568008616e-05  2.82595008651913e-05  2.97048484758748e-05
  3.12240921792609e-05  3.28210079510894e-05  3.44995645502835e-05
  3.62639333488543e-05  3.81184986619913e-05  4.00678686038035e-05
  4.21168864953008e-05  4.42706428526721e-05  4.65344879852488e-05
  4.89140452340829e-05  5.14152248835696e-05  5.40442387802627e-05
  5.68076156946251e-05  5.97122174634430e-05  6.27652559522831e-05
  6.59743108796369e-05  6.93473485462242e-05  7.28927415153216e-05
  7.66192892921495e-05  8.05362400528554e-05  8.46533134760737e-05
  8.89807247328463e-05  9.35292096932650e-05  9.83100514114146e-05
  1.03335107952956e-04  1.08616841633211e-04  1.14168349736764e-04
  1.20003396793358e-04  1.26136448488343e-04  1.32582707290238e-04
  1.39358149881501e-04  1.46479566483671e-04  1.53964602171732e-04
  1.61831800278061e-04  1.70100647990728e-04  1.78791624256503e-04
  1.87926250104166e-04  1.97527141509715e-04  2.07618064930710e-04
  2.18223995643890e-04  2.29371179026086e-04  2.41087194926203e-04
  2.53401025282635e-04  2.66343125148647e-04  2.79945497295836e-04
  2.94241770574750e-04  3.09267282219621e-04  3.25059164294839e-04
  3.41656434488567e-04  3.59100091471145e-04  3.77433215044618e-04
  3.96701071322361e-04  4.16951223188445e-04  4.38233646299276e-04
  4.60600850902202e-04  4.84108009760142e-04  5.08813092483846e-04
  5.34777006590367e-04  5.62063745618703e-04  5.90740544653166e-04
  6.20878043618637e-04  6.52550458732155e-04  6.85835762512037e-04
  7.20815872766327e-04  7.57576851001339e-04  7.96209110714239e-04
  8.36807636052864e-04  8.79472211353039e-04  9.24307662083680e-04
  9.71424107759279e-04  1.02093722740279e-03  1.07296853817233e-03
  1.12764568779097e-03  1.18510276145401e-03  1.24548060391266e-03
  1.30892715747551e-03  1.37559781669340e-03  1.44565580053893e-03
  1.51927254292227e-03  1.59662810242903e-03  1.67791159220385e-03
  1.76332163094965e-03  1.85306681605188e-03  1.94736621989191e-03
  2.04644991045146e-03  2.15055949737292e-03  2.25994870468188e-03
  2.37488397144224e-03  2.49564508166436e-03  2.62252582485503e-03
  2.75583468864669e-03  2.89589558502899e-03  3.04304861174519e-03
  3.19765085051711e-03  3.36007720380628e-03  3.53072127191709e-03
  3.70999627231121e-03  3.89833600309483e-03  4.09619585271411e-03
  4.30405385799816e-03  4.52241181275532e-03  4.75179642926023e-03
  4.99276055501704e-03  5.24588444734338e-03  5.51177710836945e-03
  5.79107768319936e-03  6.08445692406445e-03  6.39261872343483e-03
  6.71630171915404e-03  7.05628097481782e-03  7.41336973869629e-03
  7.78842128469583e-03  8.18233083891919e-03  8.59603759558918e-03
  9.03052682619042e-03  9.48683208587630e-03  9.96603752128288e-03
  1.04692802841341e-02  1.09977530550456e-02  1.15527066822757e-02
  1.21354529401355e-02  1.27473674121254e-02  1.33898925038916e-02
  1.40645405913643e-02  1.47728973095523e-02  1.55166249877130e-02
  1.62974662366955e-02  1.71172476945961e-02  1.79778839368078e-02
  1.88813815570503e-02  1.98298434257795e-02  2.08254731329097e-02
  2.18705796216825e-02  2.29675820208802e-02  2.41190146826280e-02
  2.53275324333358e-02  2.65959160452821e-02  2.79270779368237e-02
  2.93240681089378e-02  3.07900803264155e-02  3.23284585517206e-02
  3.39427036399921e-02  3.56364803034717e-02  3.74136243540934e-02
  3.92781502324584e-02  4.12342588323488e-02  4.32863456287809e-02
  4.54390091189070e-02  4.76970595838213e-02  5.00655281802026e-02
  5.25496763699990e-02  5.51550056966391e-02  5.78872679156317e-02
  6.07524754878333e-02  6.37569124423433e-02  6.69071456171941e-02
  7.02100362834871e-02  7.36727521605754e-02  7.73027798270123e-02
  8.11079375332023e-02  8.50963884197107e-02  8.92766541452389e-02
  9.36576289264298e-02  9.82485939920238e-02  1.03059232450535e-01
  1.08099644572632e-01  1.13380363483519e-01  1.18912371264190e-01
  1.24707115453746e-01  1.30776525947027e-01  1.37133032276996e-01
  1.43789581270949e-01  1.50759655065118e-01  1.58057289462515e-01
  1.65697092611450e-01  1.73694263984817e-01  1.82064613630297e-01
  1.90824581663850e-01  1.99991257970063e-01  2.09582402072646e-01
  2.19616463128680e-01  2.30112600003038e-01  2.41090701362091e-01
  2.52571405735852e-01  2.64576121473930e-01  2.77127046530421e-01
  2.90247187993262e-01  3.03960381274423e-01  3.18291308863839e-01
  3.33265518547300e-01  3.48909440971105e-01  3.65250406440361e-01
  3.82316660807735e-01  4.00137380326283e-01  4.18742685297760e-01
  4.38163652366241e-01  4.58432325271083e-01  4.79581723876848e-01
  5.01645851273596e-01  5.24659698738963e-01  5.48659248321995e-01
  5.73681472821292e-01  5.99764332874504e-01  6.26946770915091e-01
  6.55268701674205e-01  6.84770998948747e-01  7.15495478293045e-01
  7.47484875306888e-01  7.80782819153919e-01  8.15433800950282e-01
  8.51483136612942e-01  8.88976923793179e-01  9.27961992426388e-01
  9.68485848518234e-01  1.01059661065251e+00  1.05434293880578e+00
  1.09977395495029e+00  1.14693915497574e+00  1.19588831140841e+00
  1.24667136644024e+00  1.29933831471082e+00  1.35393907537899e+00
  1.41052335287489e+00  1.46914048591781e+00  1.52983928417117e+00
  1.59266785212311e+00  1.65767339962448e+00  1.72490203868180e+00
  1.79439856594877e+00  1.86620623065253e+00  1.94036648737319e+00
  2.01691873353285e+00  2.09590003114233e+00  2.17734481269132e+00
  2.26128457091394e+00  2.34774753249133e+00  2.43675831546240e+00
  2.52833757077235e+00  2.62250160777133e+00  2.71926200439388e+00
  2.81862520215410e+00  2.92059208679635e+00  3.02515755523561e+00
  3.13231006983502e+00  3.24203120102264e+00  3.35429515978216e+00
  3.46906832126612e+00  3.58630874173495e+00  3.70596567031249e+00
  3.82797905838864e+00  3.95227906873716e+00  4.07878558754404e+00
  4.20740774212532e+00  4.33804342819968e+00  4.47057884975794e+00
  4.60488807651856e+00  4.74083262217750e+00  4.87826104926127e+00
  5.01700860460611e+00  5.15689689143173e+00  5.29773358314293e+00
  5.43931218506282e+00  5.58141184982772e+00  5.72379725333161e+00
  5.86621853705194e+00  6.00841132452877e+00  6.15009681740143e+00
  6.29098197972635e+00  6.43075981567907e+00  6.56910974913521e+00
  6.70569811075764e+00  6.84017873995266e+00  6.97219370739721e+00
  7.10137416474731e+00  7.22734132608111e+00  7.34970758710254e+00
  7.46807778466669e+00  7.58205060221688e+00  7.69122012040508e+00
  7.79517751791888e+00  7.89351291884341e+00  7.98581738841846e+00
  8.07168507227260e+00  8.15071547610998e+00  8.22251587881402e+00
  8.28670387210376e+00  8.34291001537300e+00  8.39078059571651e+00
  8.42998047648924e+00  8.46019602151018e+00  8.48113807203525e+00
  8.49254496071172e+00  8.49418553464147e+00  8.48586216629857e+00
  8.46741372210664e+00  8.43871846166754e+00  8.39969683377469e+00
  8.35031414004573e+00  8.29058302727515e+00  8.22056577831665e+00
  8.14037636059540e+00  8.05018219963459e+00  7.95020563755867e+00
  7.84072504493341e+00  7.72207554486525e+00  7.59464932396184e+00
  7.45889548980352e+00  7.31531945503744e+00  7.16448181615925e+00
  7.00699671040969e+00  6.84352963166462e+00  6.67479469588137e+00
  6.50155134899132e+00  6.32460052065351e+00  6.14478022882391e+00
  5.96296065462261e+00  5.78003870498518e+00  5.59693210068477e+00
  5.41457302196842e+00  5.23390136438638e+00  5.05585765570345e+00
  4.88137569840942e+00  4.71137500610600e+00  4.54675310929751e+00
  4.38837781297154e+00  4.23707948901203e+00  4.09364349496462e+00
  3.95880280809664e+00  3.83323096630507e+00  3.71753540700856e+00
  3.61225129079735e+00  3.51783589394398e+00  3.43466364814679e+00
  3.36302189820049e+00  3.30310744062958e+00  3.25502389750841e+00
  3.21877996790786e+00  3.19428859119650e+00  3.18136704218565e+00
  3.17973796995390e+00  3.18903137776138e+00  3.20878753259000e+00
  3.23846078022192e+00  3.27742423163603e+00  3.32497527626075e+00
  3.38034186752092e+00  3.44268951663786e+00  3.51112892290082e+00
  3.58472415917053e+00  3.66250132635665e+00  3.74345758238568e+00
  3.82657044818622e+00  3.91080728806111e+00  3.99513486005487e+00
  4.07852883059536e+00  4.15998314786595e+00  4.23851917007048e+00
  4.31319444782785e+00  4.38311106412368e+00  4.44742344103935e+00
  4.50534552923276e+00  4.55615730375331e+00  4.59921049974661e+00
  4.63393352903648e+00  4.65983553259220e+00  4.67650953045282e+00
  4.68363464697482e+00  4.68097739637698e+00  4.66839202954471e+00
  4.64581995158986e+00  4.61328823394387e+00  4.57090725412932e+00
  4.51886750891001e+00  4.45743565472734e+00  4.38694984116653e+00
  4.30781440858177e+00  4.22049403122516e+00  4.12550739049236e+00
  4.02342046959505e+00  3.91483956254461e+00  3.80040409295717e+00
  3.68077933767509e+00  3.55664914907118e+00  3.42870876657099e+00
  3.29765780425014e+00  3.16419349478441e+00  3.02900426411476e+00
  2.89276370304463e+00  2.75612499287755e+00  2.61971583436434e+00
  2.48413391786369e+00  2.34994296448014e+00  2.21766935706464e+00
  2.08779937093708e+00  1.96077700463540e+00  1.83700240294234e+00
  1.71683085535390e+00  1.60057234722675e+00  1.48849163324674e+00
  1.38080879809738e+00  1.27770026428708e+00  1.17930020368862e+00
  1.08570230627870e+00  9.96961858525654e-01  9.13098081848465e-01
  8.34096682837562e-01  7.59912566399104e-01  6.90472665222826e-01
  6.25678840662664e-01  5.65410812654180e-01  5.09529079396000e-01
  4.57877790954758e-01  4.10287544648566e-01  3.66578073881821e-01
  3.26560806334760e-01  2.90041271329316e-01  2.56821340367809e-01
  2.26701288777126e-01  1.99481670177312e-01  1.74964999099823e-01
  1.52957240360513e-01  1.33269106771289e-01  1.15717169460176e-01
  1.00124787280323e-01  8.63228637421866e-02  7.41504414190404e-02
  6.34551449290506e-02  5.40934844526697e-02  4.59310322415455e-02
  3.88424848213839e-02  3.27116235781279e-02  2.74311862088956e-02
  2.29026611376597e-02  1.90360164860017e-02  1.57493745878429e-02
  1.29686423621781e-02  1.06271071492040e-02  8.66500687523961e-03
  7.02908268071889e-03  5.67212139834998e-03  4.55249454926090e-03
  3.63369980823379e-03  2.88391019208457e-03  2.27553554237485e-03
  1.78480020680621e-03  1.39134017306320e-03  1.07782227677194e-03
  8.29587494347895e-04  6.34319746545452e-04  4.81741084813492e-04
  3.63333616380089e-04  2.72088051954109e-04  2.02278337982581e-04
  1.49261468975345e-04  1.09301268493304e-04  7.94146820727346e-05
  5.72389421792996e-05  4.09178425460261e-05  2.90052934781665e-05
  2.03843158118028e-05  1.41996628039262e-05  9.80232893863960e-06
  6.70430474122675e-06  4.54205927330865e-06  3.04736957652395e-06
  2.02426192602895e-06  1.33097739508639e-06  8.66018708199467e-07
  5.57472841303988e-07  3.54931162025683e-07  2.23444404285877e-07
  1.39052070182220e-07  8.55150246656152e-08  5.19559494961411e-08
  3.11762239329382e-08  1.84701684777805e-08  1.08003453471852e-08
  6.23131968139971e-09  3.54610071050116e-09  1.98975027233848e-09
  1.10044622715543e-09  5.99651921404942e-10  3.21833720534506e-10
  1.70055021460296e-10  8.84320039707391e-11  4.52382511224129e-11
  2.27561735179361e-11  1.12514648191623e-11  5.46569559355902e-12
  2.60742927429960e-12  1.22098300845022e-12  5.60958735968119e-13
  2.52734994567114e-13  1.11608375141892e-13  4.82840495215595e-14
  2.04530277809790e-14  8.47864547443007e-15  3.43775622776620e-15
  1.36251543821120e-15  5.27603613728551e-16  1.99557576493159e-16
  7.36539760212452e-17  2.65094744742298e-17  9.29698533546277e-18
  3.17350226335394e-18  1.05220739837185e-18  3.37296466456410e-19
  1.06196265528568e-19  3.24714407334484e-20  9.63534190786995e-21
  2.77252976734983e-21  7.73020004542633e-22  2.08671928964106e-22
  5.44929967864225e-23  1.37548640680382e-23  3.35302834753930e-24
  7.88679158812279e-25  1.78835169599234e-25  3.90563984345219e-26
  8.20739291568381e-27  1.65793940304750e-27  3.21623953896022e-28
  5.98548502493946e-29  1.06749339851199e-29  1.82254409483353e-30
  2.97548767830628e-31  4.63995383863156e-32  6.90303752663820e-33
  9.78635114388593e-34  1.32045975646185e-34  1.69359581375584e-35
  2.06213576555497e-36  2.38054376048105e-37  2.60195992769849e-38
  2.68899391135083e-39  2.62378275095601e-40  2.41369969710633e-41
  2.09029892847954e-42
