  Type    Harmonic   (l)             Total
     1
                 0     0  262.283268111379
                 1     2 -.000090638983916
                 2     2  .000145235534526
                 3     2  .000066437890668
                 4     4 -.000023604550506
                 5     4 -.027985038479423
                 6     4  .006305949347997
                 7     4  .000027601615301
                 8     4  .015944034403456
                 9     6 -.005245566350764
                10     6  .000034871571694
                11     6  .003558643041228
                12     6  .006319402854368
                13     6  .000023740299846
                14     6  .006462826656060
                15     6 -.000022911038915
                16     8  .000006498118780
                17     8  .011791837829657
                18     8  .000009436689872
                19     8  .005296620082917
                20     8 -.008541669076504
                21     8 -.000003335367465
                22     8  .012605121133078
                23     8  .000001901059184
                24     8 -.006922090258934
     2
                 0     0  262.283268112795
                 1     2 -.000090639016267
                 2     2  .000145235589666
                 3     2  .000066437980738
                 4     4 -.000023604556219
                 5     4 -.027985038470253
                 6     4  .006305949350148
                 7     4  .000027601622170
                 8     4  .015944034404467
                 9     6 -.005245566350228
                10     6  .000034871571369
                11     6  .003558643041412
                12     6  .006319402854666
                13     6  .000023740298822
                14     6  .006462826655749
                15     6 -.000022911038840
                16     8  .000006498118684
                17     8  .011791837829553
                18     8  .000009436689993
                19     8  .005296620082959
                20     8 -.008541669076466
                21     8 -.000003335367445
                22     8  .012605121133063
                23     8  .000001901059250
                24     8 -.006922090259007
     3
                 0     0  45.9833324818547
                 1     1 -.000000000125994
                 2     1 -.000000000021469
                 3     2  .000045210120866
                 4     2 -.000076796841172
                 5     2 -.000034905931540
                 6     3 -.000000000018910
                 7     3 -.000000000011918
                 8     3 -.000000000018989
                 9     3 -.000000000005599
                10     4 -.000014646854988
                11     4 -.168746312508678
                12     4  .037727153552320
                13     4  .000016283729036
                14     4  .095650074769967
                15     5  .000000000002338
                16     5 -.000000000001724
                17     5  .000000000000162
                18     5  .000000000002380
                19     5  .000000000004417
                20     5 -.000000000000960
                21     6 -.012387254095454
                22     6  .000008991825774
                23     6  .008352592317754
                24     6  .014971359281566
                25     6 -.000000284666046
                26     6  .015246053967943
                27     6 -.000008061076370
                28     7  .000000000000377
                29     7  .000000000000231
                30     7 -.000000000000579
                31     7  .000000000000703
                32     7  .000000000000281
                33     7  .000000000000099
                34     7  .000000000000719
                35     7  .000000000000276
                36     8  .000002600082617
                37     8  .007225858580430
                38     8  .000001596980039
                39     8  .003241779246843
                40     8 -.005231735573070
                41     8 -.000001792036749
                42     8  .007731458339165
                43     8 -.000000705159882
                44     8 -.004237982165773
