# ACE/gr parameter file
#
@    version 50122
@    world xmin 0.25
@    world xmax 0.75
@    title font 5
@    xaxis  tick major 0.1
@    xaxis  tick minor 0.02
@    xaxis  label "(r-r\s1\N)/d"
@    xaxis  label font 5
@    xaxis  label char size 1.2
@    xaxis  ticklabel font 4
@    xaxis  ticklabel char size 1
@    yaxis  tick major .1
@    yaxis  tick minor .02
@    yaxis  label font 4
@    yaxis  label char size 1.2
@    yaxis  ticklabel font 5
@    yaxis  ticklabel char size 1
@    title "potential between neighbors"
@    yaxis  label "V(r) (Ry)"
@    world ymin -10.
@    world ymax   .0
@    yaxis  tick major 2
@    yaxis  tick minor 1
@ s0 color  1
@ s0 linestyle  1
@ legend string 0 "(1)-(3)"
@target s0
@type xy
  .1000000000 -48.79226488
  .1050000000 -44.55551004
  .1100000000 -40.79253551
  .1150000000 -37.43135686
  .1200000000 -34.41951068
  .1250000000 -31.71483390
  .1300000000 -29.26267540
  .1350000000 -27.05072967
  .1400000000 -25.03243558
  .1450000000 -23.20569062
  .1500000000 -21.53249992
  .1550000000 -20.00532520
  .1600000000 -18.61230267
  .1650000000 -17.33296895
  .1700000000 -16.15739572
  .1750000000 -15.07653237
  .1800000000 -14.08658767
  .1850000000 -13.17481721
  .1900000000 -12.33356588
  .1950000000 -11.55665032
  .2000000000 -10.83840974
  .2050000000 -10.17366519
  .2100000000 -9.557683324
  .2150000000 -8.986143552
  .2200000000 -8.455107830
  .2250000000 -7.960992423
  .2300000000 -7.503081045
  .2350000000 -7.077024562
  .2400000000 -6.679112122
  .2450000000 -6.306850944
  .2500000000 -5.957992626
  .2550000000 -5.630511743
  .2600000000 -5.326695984
  .2650000000 -5.041494871
  .2700000000 -4.772507661
  .2750000000 -4.518388144
  .2800000000 -4.282113609
  .2850000000 -4.059266828
  .2900000000 -3.847700850
  .2950000000 -3.648815599
  .3000000000 -3.462473826
  .3050000000 -3.284692166
  .3100000000 -3.117146612
  .3150000000 -2.959836342
  .3200000000 -2.809032822
  .3250000000 -2.667911148
  .3300000000 -2.533850862
  .3350000000 -2.405369824
  .3400000000 -2.286064353
  .3450000000 -2.170769985
  .3500000000 -2.062845260
  .3550000000 -1.959784639
  .3600000000 -1.861721223
  .3650000000 -1.769522556
  .3700000000 -1.680527168
  .3750000000 -1.597995344
  .3800000000 -1.517362615
  .3850000000 -1.443452934
  .3900000000 -1.370912126
  .3950000000 -1.304350386
  .4000000000 -1.239104389
  .4050000000 -1.179319971
  .4100000000 -1.120611804
  .4150000000 -1.067148094
  .4200000000 -1.014324683
  .4250000000 -.9667562748
  .4300000000 -.9197635540
  .4350000000 -.8771852656
  .4400000000 -.8356725969
  .4450000000 -.7975813143
  .4500000000 -.7612418559
  .4550000000 -.7271836516
  .4600000000 -.6957530004
  .4650000000 -.6653125207
  .4700000000 -.6385681533
  .4750000000 -.6121068003
  .4800000000 -.5891186923
  .4850000000 -.5671108078
  .4900000000 -.5468933165
  .4950000000 -.5292058385
  .5000000000 -.5116961272
  .5050000000 -.4979701745
  .5100000000 -.4846483994
  .5150000000 -.4790740244
  .5200000000 -.4699362733
  .5250000000 -.4625109752
  .5300000000 -.4567836507
  .5350000000 -.4527444005
  .5400000000 -.4503880212
  .5450000000 -.4497141007
  .5500000000 -.4507270943
  .5550000000 -.4534363879
  .5600000000 -.4578563508
  .5650000000 -.4631711376
  .5700000000 -.4714245003
  .5750000000 -.4809343237
  .5800000000 -.4929473781
  .5850000000 -.5058841411
  .5900000000 -.5217395502
  .5950000000 -.5383800936
  .6000000000 -.5582024229
  .6050000000 -.5788590568
  .6100000000 -.6028132569
  .6150000000 -.6278420496
  .6200000000 -.6561327121
  .6250000000 -.6859408867
  .6300000000 -.7188122416
  .6350000000 -.7538650948
  .6400000000 -.7916017285
  .6450000000 -.8324294055
  .6500000000 -.8753576904
  .6550000000 -.9225620921
  .6600000000 -.9716520149
  .6650000000 -1.025314396
  .6700000000 -1.081885145
  .6750000000 -1.141871296
  .6800000000 -1.206747035
  .6850000000 -1.274645611
  .6900000000 -1.347670903
  .6950000000 -1.425381465
  .7000000000 -1.506988626
  .7050000000 -1.594897304
  .7100000000 -1.688134822
  .7150000000 -1.786342535
  .7200000000 -1.891322090
  .7250000000 -2.003348649
  .7300000000 -2.121661800
  .7350000000 -2.246765344
  .7400000000 -2.381063884
  .7450000000 -2.523720749
  .7500000000 -2.674901120
  .7550000000 -2.835285675
  .7600000000 -3.005611783
  .7650000000 -3.188245225
  .7700000000 -3.382486532
  .7750000000 -3.589122646
  .7800000000 -3.809142911
  .7850000000 -4.043618888
  .7900000000 -4.293711779
  .7950000000 -4.560680916
  .8000000000 -4.845893524
  .8050000000 -5.150836031
  .8100000000 -5.477127222
  .8150000000 -5.826533593
  .8200000000 -6.200987311
  .8250000000 -6.602607267
  .8300000000 -7.033723761
  .8350000000 -7.496907487
  .8400000000 -7.998424161
  .8450000000 -8.538779647
  .8500000000 -9.121594066
  .8550000000 -9.753692447
  .8600000000 -10.44100789
  .8650000000 -11.18631145
  .8700000000 -12.00411317
  .8750000000 -12.89604491
  .8800000000 -13.87894927
  .8850000000 -14.96294158
  .8900000000 -16.16244418
  .8950000000 -17.49713816
&
@ s1 color  1
@ s1 linestyle  1
@target s1
@type xy
  .5130146835 -10.000
  .5130146835  10.000
  .5625596278  10.000
  .5625596278 -10.000
&
@ s2 color  2
@ s2 linestyle  1
@ legend string 2 "(2)-(3)"
@target s2
@type xy
  .1000000000 -48.79226589
  .1050000000 -44.55551135
  .1100000000 -40.79253706
  .1150000000 -37.43135857
  .1200000000 -34.41951247
  .1250000000 -31.71483572
  .1300000000 -29.26267720
  .1350000000 -27.05073145
  .1400000000 -25.03243733
  .1450000000 -23.20569236
  .1500000000 -21.53250164
  .1550000000 -20.00532692
  .1600000000 -18.61230440
  .1650000000 -17.33297071
  .1700000000 -16.15739750
  .1750000000 -15.07653419
  .1800000000 -14.08658954
  .1850000000 -13.17481914
  .1900000000 -12.33356788
  .1950000000 -11.55665239
  .2000000000 -10.83841189
  .2050000000 -10.17366743
  .2100000000 -9.557685662
  .2150000000 -8.986145997
  .2200000000 -8.455110392
  .2250000000 -7.960995110
  .2300000000 -7.503083869
  .2350000000 -7.077027534
  .2400000000 -6.679115253
  .2450000000 -6.306854243
  .2500000000 -5.957996105
  .2550000000 -5.630515410
  .2600000000 -5.326699853
  .2650000000 -5.041498951
  .2700000000 -4.772511960
  .2750000000 -4.518392668
  .2800000000 -4.282118365
  .2850000000 -4.059271816
  .2900000000 -3.847706070
  .2950000000 -3.648821046
  .3000000000 -3.462479489
  .3050000000 -3.284698032
  .3100000000 -3.117152661
  .3150000000 -2.959842540
  .3200000000 -2.809039147
  .3250000000 -2.667917552
  .3300000000 -2.533857302
  .3350000000 -2.405376267
  .3400000000 -2.286070721
  .3450000000 -2.170776251
  .3500000000 -2.062851356
  .3550000000 -1.959790530
  .3600000000 -1.861726869
  .3650000000 -1.769527924
  .3700000000 -1.680532244
  .3750000000 -1.598000124
  .3800000000 -1.517367100
  .3850000000 -1.443457167
  .3900000000 -1.370916117
  .3950000000 -1.304354222
  .4000000000 -1.239108082
  .4050000000 -1.179323636
  .4100000000 -1.120615451
  .4150000000 -1.067151841
  .4200000000 -1.014328529
  .4250000000 -.9667603162
  .4300000000 -.9197677889
  .4350000000 -.8771897268
  .4400000000 -.8356772870
  .4450000000 -.7975862102
  .4500000000 -.7612469460
  .4550000000 -.7271888926
  .4600000000 -.6957583413
  .4650000000 -.6653179409
  .4700000000 -.6385735506
  .4750000000 -.6121121751
  .4800000000 -.5891239616
  .4850000000 -.5671159534
  .4900000000 -.5468983305
  .4950000000 -.5292107091
  .5000000000 -.5117008557
  .5050000000 -.4979748840
  .5100000000 -.4846530993
  .5150000000 -.4790784253
  .5200000000 -.4699376030
  .5250000000 -.4625095552
  .5300000000 -.4567798676
  .5350000000 -.4527386930
  .5400000000 -.4503808669
  .5450000000 -.4497060024
  .5500000000 -.4507185668
  .5550000000 -.4534279451
  .5600000000 -.4578484929
  .5650000000 -.4631806836
  .5700000000 -.4714334803
  .5750000000 -.4809427525
  .5800000000 -.4929552939
  .5850000000 -.5058915517
  .5900000000 -.5217464993
  .5950000000 -.5383865854
  .6000000000 -.5582085022
  .6050000000 -.5788647277
  .6100000000 -.6028185619
  .6150000000 -.6278469949
  .6200000000 -.6561373351
  .6250000000 -.6859451977
  .6300000000 -.7188162709
  .6350000000 -.7538688583
  .6400000000 -.7916052478
  .6450000000 -.8324327030
  .6500000000 -.8753607783
  .6550000000 -.9225649995
  .6600000000 -.9716547490
  .6650000000 -1.025316984
  .6700000000 -1.081887597
  .6750000000 -1.141873627
  .6800000000 -1.206749265
  .6850000000 -1.274647749
  .6900000000 -1.347672966
  .6950000000 -1.425383465
  .7000000000 -1.506990571
  .7050000000 -1.594899210
  .7100000000 -1.688136696
  .7150000000 -1.786344386
  .7200000000 -1.891323928
  .7250000000 -2.003350482
  .7300000000 -2.121663633
  .7350000000 -2.246767184
  .7400000000 -2.381065736
  .7450000000 -2.523722617
  .7500000000 -2.674903008
  .7550000000 -2.835287585
  .7600000000 -3.005613718
  .7650000000 -3.188247185
  .7700000000 -3.382488517
  .7750000000 -3.589124656
  .7800000000 -3.809144944
  .7850000000 -4.043620942
  .7900000000 -4.293713852
  .7950000000 -4.560683004
  .8000000000 -4.845895623
  .8050000000 -5.150838135
  .8100000000 -5.477129327
  .8150000000 -5.826535693
  .8200000000 -6.200989400
  .8250000000 -6.602609338
  .8300000000 -7.033725808
  .8350000000 -7.496909502
  .8400000000 -7.998426138
  .8450000000 -8.538781579
  .8500000000 -9.121595948
  .8550000000 -9.753694273
  .8600000000 -10.44100966
  .8650000000 -11.18631315
  .8700000000 -12.00411481
  .8750000000 -12.89604650
  .8800000000 -13.87895080
  .8850000000 -14.96294306
  .8900000000 -16.16244563
  .8950000000 -17.49713958
&
@ s3 color  2
@ s3 linestyle  1
@target s3
@type xy
  .5130146835 -10.000
  .5130146835  10.000
  .5625596278  10.000
  .5625596278 -10.000
&
@ s4 color  3
@ s4 linestyle  1
@ legend string 4 "(3)-(1)"
@target s4
@type xy
  .1000000000 -18.99040633
  .1050000000 -17.49713816
  .1100000000 -16.16244418
  .1150000000 -14.96294158
  .1200000000 -13.87894927
  .1250000000 -12.89604491
  .1300000000 -12.00411317
  .1350000000 -11.18631145
  .1400000000 -10.44100789
  .1450000000 -9.753692447
  .1500000000 -9.121594066
  .1550000000 -8.538779647
  .1600000000 -7.998424161
  .1650000000 -7.496907487
  .1700000000 -7.033723761
  .1750000000 -6.602607267
  .1800000000 -6.200987311
  .1850000000 -5.826533593
  .1900000000 -5.477127222
  .1950000000 -5.150836031
  .2000000000 -4.845893524
  .2050000000 -4.560680916
  .2100000000 -4.293711779
  .2150000000 -4.043618888
  .2200000000 -3.809142911
  .2250000000 -3.589122646
  .2300000000 -3.382486532
  .2350000000 -3.188245225
  .2400000000 -3.005611783
  .2450000000 -2.835285675
  .2500000000 -2.674901120
  .2550000000 -2.523720749
  .2600000000 -2.381063884
  .2650000000 -2.246765344
  .2700000000 -2.121661800
  .2750000000 -2.003348649
  .2800000000 -1.891322090
  .2850000000 -1.786342535
  .2900000000 -1.688134822
  .2950000000 -1.594897304
  .3000000000 -1.506988626
  .3050000000 -1.425381465
  .3100000000 -1.347670903
  .3150000000 -1.274645611
  .3200000000 -1.206747035
  .3250000000 -1.141871296
  .3300000000 -1.081885145
  .3350000000 -1.025314396
  .3400000000 -.9716520149
  .3450000000 -.9225620921
  .3500000000 -.8753576904
  .3550000000 -.8324294055
  .3600000000 -.7916017285
  .3650000000 -.7538650948
  .3700000000 -.7188122416
  .3750000000 -.6859408867
  .3800000000 -.6561327121
  .3850000000 -.6278420496
  .3900000000 -.6028132569
  .3950000000 -.5788590568
  .4000000000 -.5582024229
  .4050000000 -.5383800936
  .4100000000 -.5217395502
  .4150000000 -.5058841411
  .4200000000 -.4929473781
  .4250000000 -.4809343237
  .4300000000 -.4714245003
  .4350000000 -.4631711376
  .4400000000 -.4578563508
  .4450000000 -.4534363879
  .4500000000 -.4507270943
  .4550000000 -.4497141007
  .4600000000 -.4503880212
  .4650000000 -.4527444005
  .4700000000 -.4567836507
  .4750000000 -.4625109752
  .4800000000 -.4699362733
  .4850000000 -.4790740244
  .4900000000 -.4846483994
  .4950000000 -.4979701745
  .5000000000 -.5116961272
  .5050000000 -.5292058385
  .5100000000 -.5468933165
  .5150000000 -.5671108078
  .5200000000 -.5891186923
  .5250000000 -.6121068003
  .5300000000 -.6385681533
  .5350000000 -.6653125207
  .5400000000 -.6957530004
  .5450000000 -.7271836516
  .5500000000 -.7612418559
  .5550000000 -.7975813143
  .5600000000 -.8356725969
  .5650000000 -.8771852656
  .5700000000 -.9197635540
  .5750000000 -.9667562748
  .5800000000 -1.014324683
  .5850000000 -1.067148094
  .5900000000 -1.120611804
  .5950000000 -1.179319971
  .6000000000 -1.239104389
  .6050000000 -1.304350386
  .6100000000 -1.370912126
  .6150000000 -1.443452934
  .6200000000 -1.517362615
  .6250000000 -1.597995344
  .6300000000 -1.680527168
  .6350000000 -1.769522556
  .6400000000 -1.861721223
  .6450000000 -1.959784639
  .6500000000 -2.062845260
  .6550000000 -2.170769985
  .6600000000 -2.286064353
  .6650000000 -2.405369824
  .6700000000 -2.533850862
  .6750000000 -2.667911148
  .6800000000 -2.809032822
  .6850000000 -2.959836342
  .6900000000 -3.117146612
  .6950000000 -3.284692166
  .7000000000 -3.462473826
  .7050000000 -3.648815599
  .7100000000 -3.847700850
  .7150000000 -4.059266828
  .7200000000 -4.282113609
  .7250000000 -4.518388144
  .7300000000 -4.772507661
  .7350000000 -5.041494871
  .7400000000 -5.326695984
  .7450000000 -5.630511743
  .7500000000 -5.957992626
  .7550000000 -6.306850944
  .7600000000 -6.679112122
  .7650000000 -7.077024562
  .7700000000 -7.503081045
  .7750000000 -7.960992423
  .7800000000 -8.455107830
  .7850000000 -8.986143552
  .7900000000 -9.557683324
  .7950000000 -10.17366519
  .8000000000 -10.83840974
  .8050000000 -11.55665032
  .8100000000 -12.33356588
  .8150000000 -13.17481721
  .8200000000 -14.08658767
  .8250000000 -15.07653237
  .8300000000 -16.15739572
  .8350000000 -17.33296895
  .8400000000 -18.61230267
  .8450000000 -20.00532520
  .8500000000 -21.53249992
  .8550000000 -23.20569062
  .8600000000 -25.03243558
  .8650000000 -27.05072967
  .8700000000 -29.26267540
  .8750000000 -31.71483390
  .8800000000 -34.41951068
  .8850000000 -37.43135686
  .8900000000 -40.79253551
  .8950000000 -44.55551004
&
@ s5 color  3
@ s5 linestyle  1
@target s5
@type xy
  .4374403721 -10.000
  .4374403721  10.000
  .4869853164  10.000
  .4869853164 -10.000
&
