# ACE/gr parameter file
#
@    version 50122
@    world xmin 0.25
@    world xmax 0.75
@    title font 5
@    xaxis  tick major 0.1
@    xaxis  tick minor 0.02
@    xaxis  label "(r-r\s1\N)/d"
@    xaxis  label font 5
@    xaxis  label char size 1.2
@    xaxis  ticklabel font 4
@    xaxis  ticklabel char size 1
@    yaxis  tick major .1
@    yaxis  tick minor .02
@    yaxis  label font 4
@    yaxis  label char size 1.2
@    yaxis  ticklabel font 5
@    yaxis  ticklabel char size 1
@    title "potential between neighbors"
@    yaxis  label "V(r) (Ry)"
@    world ymin -10.
@    world ymax   .0
@    yaxis  tick major 2
@    yaxis  tick minor 1
@ s0 color  1
@ s0 linestyle  1
@ legend string 0 "(1)-(3)"
@target s0
@type xy
  .1000000000 -142.0518402
  .1050000000 -135.3104141
  .1100000000 -129.1769424
  .1150000000 -123.5698856
  .1200000000 -118.4286578
  .1250000000 -113.7035955
  .1300000000 -109.3297650
  .1350000000 -105.2896788
  .1400000000 -101.5264838
  .1450000000 -98.03425892
  .1500000000 -94.76595754
  .1550000000 -91.70983689
  .1600000000 -88.84947456
  .1650000000 -86.15883754
  .1700000000 -83.62431262
  .1750000000 -81.23355750
  .1800000000 -78.98061001
  .1850000000 -76.84927461
  .1900000000 -74.82940442
  .1950000000 -72.91269793
  .2000000000 -71.09156740
  .2050000000 -69.35906848
  .2100000000 -67.70883791
  .2150000000 -66.13503832
  .2200000000 -64.63230903
  .2250000000 -63.19572232
  .2300000000 -61.82416802
  .2350000000 -60.51177888
  .2400000000 -59.25337657
  .2450000000 -58.04534477
  .2500000000 -56.88434696
  .2550000000 -55.76730304
  .2600000000 -54.69763014
  .2650000000 -53.66787382
  .2700000000 -52.67422825
  .2750000000 -51.71440724
  .2800000000 -50.79321026
  .2850000000 -49.90359366
  .2900000000 -49.04183249
  .2950000000 -48.21018799
  .3000000000 -47.40855808
  .3050000000 -46.62987778
  .3100000000 -45.87699588
  .3150000000 -45.15000829
  .3200000000 -44.44193197
  .3250000000 -43.75861219
  .3300000000 -43.09513227
  .3350000000 -42.44846117
  .3400000000 -41.82559034
  .3450000000 -41.21630802
  .3500000000 -40.62715875
  .3550000000 -40.05310519
  .3600000000 -39.49426925
  .3650000000 -38.95238867
  .3700000000 -38.42187474
  .3750000000 -37.90940705
  .3800000000 -37.40539827
  .3850000000 -36.91984990
  .3900000000 -36.44144255
  .3950000000 -35.97980413
  .4000000000 -35.52498984
  .4050000000 -35.08571350
  .4100000000 -34.65255936
  .4150000000 -34.23434058
  .4200000000 -33.82113053
  .4250000000 -33.42273111
  .4300000000 -33.02903283
  .4350000000 -32.64818096
  .4400000000 -32.27292243
  .4450000000 -31.90820653
  .4500000000 -31.55039684
  .4550000000 -31.20051885
  .4600000000 -30.85923757
  .4650000000 -30.52300183
  .4700000000 -30.19738941
  .4750000000 -29.87522269
  .4800000000 -29.56294389
  .4850000000 -29.25541353
  .4900000000 -28.95412639
  .4950000000 -28.66048766
  .5000000000 -28.36980011
  .5050000000 -28.08883292
  .5100000000 -27.81114268
  .5150000000 -.0090343894
  .5200000000 -.0073757529
  .5250000000 -.0058579590
  .5300000000 -.0044744698
  .5350000000 -.0032185280
  .5400000000 -.0020833113
  .5450000000 -.0010620579
  .5500000000 -.0001481642
  .5550000000  .0006647427
  .5600000000  .0013827568
  .5650000000 -9.309609093
  .5700000000 -9.417570498
  .5750000000 -9.527755239
  .5800000000 -9.641223830
  .5850000000 -9.756725178
  .5900000000 -9.876012939
  .5950000000 -9.997292864
  .6000000000 -10.12274159
  .6050000000 -10.25030686
  .6100000000 -10.38229070
  .6150000000 -10.51669846
  .6200000000 -10.65562673
  .6250000000 -10.79749047
  .6300000000 -10.94381087
  .6350000000 -11.09380682
  .6400000000 -11.24800919
  .6450000000 -11.40688337
  .6500000000 -11.56950403
  .6550000000 -11.73808010
  .6600000000 -11.91030245
  .6650000000 -12.08889500
  .6700000000 -12.27226666
  .6750000000 -12.46098002
  .6800000000 -12.65657081
  .6850000000 -12.85723985
  .6900000000 -13.06515507
  .6950000000 -13.27994513
  .7000000000 -13.50089460
  .7050000000 -13.73048074
  .7100000000 -13.96781052
  .7150000000 -14.21260971
  .7200000000 -14.46676348
  .7250000000 -14.73063806
  .7300000000 -15.00357356
  .7350000000 -15.28617664
  .7400000000 -15.58095648
  .7450000000 -15.88719877
  .7500000000 -16.20519587
  .7550000000 -16.53576344
  .7600000000 -16.87978447
  .7650000000 -17.23979016
  .7700000000 -17.61525505
  .7750000000 -18.00715558
  .7800000000 -18.41668914
  .7850000000 -18.84515611
  .7900000000 -19.29396998
  .7950000000 -19.76466861
  .8000000000 -20.25892686
  .8050000000 -20.77857078
  .8100000000 -21.32559350
  .8150000000 -21.90217328
  .8200000000 -22.51069381
  .8250000000 -23.15376735
  .8300000000 -23.83426102
  .8350000000 -24.55532693
  .8400000000 -25.32406094
  .8450000000 -26.14148578
  .8500000000 -27.01193154
  .8550000000 -27.94312322
  .8600000000 -28.94181507
  .8650000000 -30.01141194
  .8700000000 -31.16751121
  .8750000000 -32.41222808
  .8800000000 -33.76325555
  .8850000000 -35.23121201
  .8900000000 -36.83106812
  .8950000000 -38.58296086
&
@ s1 color  1
@ s1 linestyle  1
@target s1
@type xy
  .5130146835 -10.000
  .5130146835  10.000
  .5625596278  10.000
  .5625596278 -10.000
&
@ s2 color  2
@ s2 linestyle  1
@ legend string 2 "(2)-(3)"
@target s2
@type xy
  .1000000000 -141.5138566
  .1050000000 -134.7527139
  .1100000000 -128.6100196
  .1150000000 -123.0019415
  .1200000000 -117.8656840
  .1250000000 -113.1495471
  .1300000000 -108.7867388
  .1350000000 -104.7589340
  .1400000000 -101.0083451
  .1450000000 -97.52869232
  .1500000000 -94.27259855
  .1550000000 -91.22817925
  .1600000000 -88.37892500
  .1650000000 -85.69880023
  .1700000000 -83.17419779
  .1750000000 -80.79279650
  .1800000000 -78.54864228
  .1850000000 -76.42560166
  .1900000000 -74.41357128
  .1950000000 -72.50428899
  .2000000000 -70.69020562
  .2050000000 -68.96441399
  .2100000000 -67.32058623
  .2150000000 -65.75291826
  .2200000000 -64.25608054
  .2250000000 -62.82517416
  .2300000000 -61.45911090
  .2350000000 -60.15205584
  .2400000000 -58.89885717
  .2450000000 -57.69592023
  .2500000000 -56.53992771
  .2550000000 -55.42781591
  .2600000000 -54.36303735
  .2650000000 -53.33815071
  .2700000000 -52.34935833
  .2750000000 -51.39438161
  .2800000000 -50.47808204
  .2850000000 -49.59340519
  .2900000000 -48.73661423
  .2950000000 -47.91001737
  .3000000000 -47.11355740
  .3050000000 -46.34010204
  .3100000000 -45.59256418
  .3150000000 -44.87108967
  .3200000000 -44.16858685
  .3250000000 -43.49104926
  .3300000000 -42.83349421
  .3350000000 -42.19282659
  .3400000000 -41.57626335
  .3450000000 -40.97333015
  .3500000000 -40.39078511
  .3550000000 -39.82346313
  .3600000000 -39.27150040
  .3650000000 -38.73671487
  .3700000000 -38.21333623
  .3750000000 -37.70828409
  .3800000000 -37.21165017
  .3850000000 -36.73377104
  .3900000000 -36.26296012
  .3950000000 -35.80913492
  .4000000000 -35.36205951
  .4050000000 -34.93065866
  .4100000000 -34.50529463
  .4150000000 -34.09492012
  .4200000000 -33.68946039
  .4250000000 -33.29876858
  .4300000000 -32.91268798
  .4350000000 -32.53930536
  .4400000000 -32.17142168
  .4450000000 -31.81386671
  .4500000000 -31.46307927
  .4550000000 -31.12000810
  .4600000000 -30.78529385
  .4650000000 -30.45548872
  .4700000000 -30.13589897
  .4750000000 -29.81969118
  .4800000000 -29.51291306
  .4850000000 -29.21073448
  .4900000000 -28.91452351
  .4950000000 -28.62558146
  .5000000000 -28.33954340
  .5050000000 -28.06263476
  .5100000000 -27.78892249
  .5150000000  .0090272471
  .5200000000  .0073688344
  .5250000000  .0058515067
  .5300000000  .0044686875
  .5350000000  .0032135742
  .5400000000  .0020792954
  .5450000000  .0010590386
  .5500000000  .0001461504
  .5550000000 -.0006657885
  .5600000000 -.0013829129
  .5650000000 -9.315006065
  .5700000000 -9.423846373
  .5750000000 -9.534827425
  .5800000000 -9.648910338
  .5850000000 -9.764981416
  .5900000000 -9.884661841
  .5950000000 -10.00630707
  .6000000000 -10.13196359
  .6050000000 -10.25971359
  .6100000000 -10.39175147
  .6150000000 -10.52618733
  .6200000000 -10.66504199
  .6250000000 -10.80680006
  .6300000000 -10.95294097
  .6350000000 -11.10271867
  .6400000000 -11.25665370
  .6450000000 -11.41521613
  .6500000000 -11.57749648
  .6550000000 -11.74568419
  .6600000000 -11.91750035
  .6650000000 -12.09564780
  .6700000000 -12.27855506
  .6750000000 -12.46678161
  .6800000000 -12.66186221
  .6850000000 -12.86200669
  .6900000000 -13.06937907
  .6950000000 -13.28361310
  .7000000000 -13.50399474
  .7050000000 -13.73300189
  .7100000000 -13.96974420
  .7150000000 -14.21394758
  .7200000000 -14.46749952
  .7250000000 -14.73076811
  .7300000000 -15.00309283
  .7350000000 -15.28508108
  .7400000000 -15.57924669
  .7450000000 -15.88487414
  .7500000000 -16.20225582
  .7550000000 -16.53220849
  .7600000000 -16.87561623
  .7650000000 -17.23501501
  .7700000000 -17.60987719
  .7750000000 -18.00118020
  .7800000000 -18.41012277
  .7850000000 -18.83800678
  .7900000000 -19.28624730
  .7950000000 -19.75638397
  .8000000000 -20.25009359
  .8050000000 -20.76920441
  .8100000000 -21.31571207
  .8150000000 -21.89179764
  .8200000000 -22.49984809
  .8250000000 -23.14247946
  .8300000000 -23.82256324
  .8350000000 -24.54325664
  .8400000000 -25.31167074
  .8450000000 -26.12882838
  .8500000000 -26.99906802
  .8550000000 -27.93013241
  .8600000000 -28.92879115
  .8650000000 -29.99845414
  .8700000000 -31.15475808
  .8750000000 -32.39981524
  .8800000000 -33.75135646
  .8850000000 -35.22000823
  .8900000000 -36.82075006
  .8950000000 -38.57372237
&
@ s3 color  2
@ s3 linestyle  1
@target s3
@type xy
  .5130146835 -10.000
  .5130146835  10.000
  .5625596278  10.000
  .5625596278 -10.000
&
@ s4 color  3
@ s4 linestyle  1
@ legend string 4 "(3)-(1)"
@target s4
@type xy
  .1000000000 -40.51069978
  .1050000000 -38.58296086
  .1100000000 -36.83106812
  .1150000000 -35.23121201
  .1200000000 -33.76325555
  .1250000000 -32.41222808
  .1300000000 -31.16751121
  .1350000000 -30.01141194
  .1400000000 -28.94181507
  .1450000000 -27.94312322
  .1500000000 -27.01193154
  .1550000000 -26.14148578
  .1600000000 -25.32406094
  .1650000000 -24.55532693
  .1700000000 -23.83426102
  .1750000000 -23.15376735
  .1800000000 -22.51069381
  .1850000000 -21.90217328
  .1900000000 -21.32559350
  .1950000000 -20.77857078
  .2000000000 -20.25892686
  .2050000000 -19.76466861
  .2100000000 -19.29396998
  .2150000000 -18.84515611
  .2200000000 -18.41668914
  .2250000000 -18.00715558
  .2300000000 -17.61525505
  .2350000000 -17.23979016
  .2400000000 -16.87978447
  .2450000000 -16.53576344
  .2500000000 -16.20519587
  .2550000000 -15.88719877
  .2600000000 -15.58095648
  .2650000000 -15.28617664
  .2700000000 -15.00357356
  .2750000000 -14.73063806
  .2800000000 -14.46676348
  .2850000000 -14.21260971
  .2900000000 -13.96781052
  .2950000000 -13.73048074
  .3000000000 -13.50089460
  .3050000000 -13.27994513
  .3100000000 -13.06515507
  .3150000000 -12.85723985
  .3200000000 -12.65657081
  .3250000000 -12.46098002
  .3300000000 -12.27226666
  .3350000000 -12.08889500
  .3400000000 -11.91030245
  .3450000000 -11.73808010
  .3500000000 -11.56950403
  .3550000000 -11.40688337
  .3600000000 -11.24800919
  .3650000000 -11.09380682
  .3700000000 -10.94381087
  .3750000000 -10.79749047
  .3800000000 -10.65562673
  .3850000000 -10.51669846
  .3900000000 -10.38229070
  .3950000000 -10.25030686
  .4000000000 -10.12274159
  .4050000000 -9.997292864
  .4100000000 -9.876012939
  .4150000000 -9.756725178
  .4200000000 -9.641223830
  .4250000000 -9.527755239
  .4300000000 -9.417570498
  .4350000000 -9.309609093
  .4400000000  .0013827568
  .4450000000  .0006647427
  .4500000000 -.0001481642
  .4550000000 -.0010620579
  .4600000000 -.0020833113
  .4650000000 -.0032185280
  .4700000000 -.0044744698
  .4750000000 -.0058579590
  .4800000000 -.0073757529
  .4850000000 -.0090343894
  .4900000000 -27.81114268
  .4950000000 -28.08883292
  .5000000000 -28.36980011
  .5050000000 -28.66048766
  .5100000000 -28.95412639
  .5150000000 -29.25541353
  .5200000000 -29.56294389
  .5250000000 -29.87522269
  .5300000000 -30.19738941
  .5350000000 -30.52300183
  .5400000000 -30.85923757
  .5450000000 -31.20051885
  .5500000000 -31.55039684
  .5550000000 -31.90820653
  .5600000000 -32.27292243
  .5650000000 -32.64818096
  .5700000000 -33.02903283
  .5750000000 -33.42273111
  .5800000000 -33.82113053
  .5850000000 -34.23434058
  .5900000000 -34.65255936
  .5950000000 -35.08571350
  .6000000000 -35.52498984
  .6050000000 -35.97980413
  .6100000000 -36.44144255
  .6150000000 -36.91984990
  .6200000000 -37.40539827
  .6250000000 -37.90940705
  .6300000000 -38.42187474
  .6350000000 -38.95238867
  .6400000000 -39.49426925
  .6450000000 -40.05310519
  .6500000000 -40.62715875
  .6550000000 -41.21630802
  .6600000000 -41.82559034
  .6650000000 -42.44846117
  .6700000000 -43.09513227
  .6750000000 -43.75861219
  .6800000000 -44.44193197
  .6850000000 -45.15000829
  .6900000000 -45.87699588
  .6950000000 -46.62987778
  .7000000000 -47.40855808
  .7050000000 -48.21018799
  .7100000000 -49.04183249
  .7150000000 -49.90359366
  .7200000000 -50.79321026
  .7250000000 -51.71440724
  .7300000000 -52.67422825
  .7350000000 -53.66787382
  .7400000000 -54.69763014
  .7450000000 -55.76730304
  .7500000000 -56.88434696
  .7550000000 -58.04534477
  .7600000000 -59.25337657
  .7650000000 -60.51177888
  .7700000000 -61.82416802
  .7750000000 -63.19572232
  .7800000000 -64.63230903
  .7850000000 -66.13503832
  .7900000000 -67.70883791
  .7950000000 -69.35906848
  .8000000000 -71.09156740
  .8050000000 -72.91269793
  .8100000000 -74.82940442
  .8150000000 -76.84927461
  .8200000000 -78.98061001
  .8250000000 -81.23355750
  .8300000000 -83.62431262
  .8350000000 -86.15883754
  .8400000000 -88.84947456
  .8450000000 -91.70983689
  .8500000000 -94.76595754
  .8550000000 -98.03425892
  .8600000000 -101.5264838
  .8650000000 -105.2896788
  .8700000000 -109.3297650
  .8750000000 -113.7035955
  .8800000000 -118.4286578
  .8850000000 -123.5698856
  .8900000000 -129.1769424
  .8950000000 -135.3104141
&
@ s5 color  3
@ s5 linestyle  1
@target s5
@type xy
  .4374403721 -10.000
  .4374403721  10.000
  .4869853164  10.000
  .4869853164 -10.000
&
